309
549	1
1484	2
1485	3
1486	4
1487	5
1488	6
1490	7
1492	8
1493	9
1494	10
1495	11
1496	12
1497	13
1498	14
1499	15
1500	16
1531	17
1549	18
1553	19
60	20
1554	21
74	22
1558	23
1559	24
1560	25
1561	26
1562	27
1563	28
1564	29
1843	30
1844	31
1845	32
1884	33
1885	34
1886	35
129	36
368	37
1897	38
2071	39
2121	40
2285	41
2286	42
2371	43
2372	44
2373	45
2374	46
2375	47
2171	48
2172	49
2173	50
2376	51
2175	52
2176	53
2377	54
2378	55
944	56
262	57
2379	58
2380	59
1368	60
2381	61
2382	62
290	63
2383	64
2384	65
1369	66
1370	67
1371	68
1372	69
2385	70
2386	71
2387	72
2388	73
1375	74
1378	75
2389	76
2390	77
2391	78
2392	79
1432	80
1904	81
1330	82
1331	83
1332	84
1333	85
1334	86
2393	87
920	88
1428	89
2397	90
2398	91
2157	92
2399	93
2401	94
2402	95
2403	96
703	97
2715	98
2716	99
2717	100
2718	101
2725	102
2733	103
2734	104
2735	105
2736	106
2737	107
2768	108
2775	109
128	110
2776	111
2778	112
1599	113
2792	114
2793	115
2274	116
2804	117
1570	118
3111	119
3251	120
3262	121
61	122
69	123
78	124
120	125
121	126
178	127
181	128
222	129
3001	130
3007	131
3013	132
3014	133
3018	134
3019	135
3022	136
3023	137
3020	138
3026	139
3027	140
3028	141
3029	142
3031	143
3032	144
3051	145
3118	146
3119	147
3168	148
3164	149
3172	150
3153	151
3191	152
3192	153
3190	154
3197	155
3207	156
3208	157
3212	158
3226	159
3227	160
3231	161
3263	162
3264	163
302	164
9032	165
9033	166
8977	167
8550	168
506	169
8563	170
8947	171
8741	172
8676	173
8660	174
8891	175
8522	176
687	177
8738	178
8567	179
8568	180
8569	181
8574	182
8903	183
8566	184
119	185
8737	186
8579	187
8681	188
8580	189
8589	190
8581	191
140	192
141	193
142	194
143	195
8544	196
8565	197
8545	198
8562	199
8927	200
304	201
8556	202
8557	203
8558	204
8559	205
306	206
307	207
308	208
8570	209
8571	210
8572	211
8573	212
8893	213
8575	214
8576	215
9050	216
8957	217
8958	218
8587	219
8694	220
8916	221
8960	222
8549	223
8584	224
8939	225
8948	226
8585	227
8586	228
505	229
8746	230
8805	231
8940	232
8941	233
8841	234
8942	235
498	236
8554	237
8943	238
8861	239
313	240
8944	241
8890	242
8945	243
305	244
8946	245
315	246
314	247
8980	248
497	249
8989	250
8932	251
8933	252
8934	253
8935	254
8936	255
8937	256
8938	257
8502	258
8503	259
8504	260
8505	261
8506	262
8990	263
8729	264
8991	265
9018	266
9213	267
8530	268
8555	269
683	270
700	271
8479	272
8894	273
8536	274
8537	275
8478	276
9031	277
9051	278
9052	279
8983	280
8981	281
8982	282
8588	283
9215	284
8979	285
9039	286
9035	287
8670	288
8721	289
9024	290
166	291
167	292
168	293
8929	294
8526	295
118	296
8592	297
684	298
8480	299
8527	300
8542	301
9036	302
8531	303
9214	304
8578	305
507	306
