1	1	enter	1413883798
1	1	done	1413883869
1	1	watch	1415244162
1	1	tag	1415330742
2	1	watch	1414155169
2	1	enter	1414167187
2	1	done	1414167210
2	297	done	1416668571
2	291	done	1416669820
2	286	tag	1420889289
2	286	duration	1420889428
2	286	done	1420889432
2	285	done	1425030456
2	285	tag	1425032707
2	285	duration	1425032715
2	1	tag	1425094865
2	290	done	1425095088
2	290	tag	1425100661
2	290	duration	1425100667
3	1	watch	1415095892
3	1	enter	1415096554
3	1	done	1415096568
3	285	done	1426648007
3	285	duration	1426650435
3	286	done	1426651587
3	286	duration	1426654040
3	1	tag	1426656884
3	287	done	1426656895
3	287	duration	1426659397
3	289	done	1426661927
3	289	duration	1426664425
3	290	done	1426664439
3	290	duration	1426666903
3	292	done	1426666912
3	292	duration	1426669411
3	294	done	1426671931
3	294	duration	1426674429
3	296	done	1426674445
3	296	duration	1426676945
3	298	done	1426676957
3	298	duration	1426679454
3	297	done	1426682674
3	297	duration	1426686094
3	301	done	1426686108
3	301	duration	1426688331
4	1	tag	1428217847
4	285	done	1428217862
4	285	tag	1428218167
4	285	duration	1428218170
4	286	done	1428218249
4	286	tag	1428219146
4	286	duration	1428219150
4	287	done	1428219161
4	287	tag	1428219720
4	287	duration	1428219724
4	288	done	1428219732
4	288	tag	1428220618
4	288	duration	1428220622
4	289	done	1428220635
4	289	tag	1428222453
4	289	duration	1428222457
4	290	done	1428222467
4	290	tag	1428222960
4	290	duration	1428222962
4	291	done	1428222969
4	291	tag	1428223412
4	291	duration	1428223414
4	292	done	1428223421
4	292	tag	1428223896
4	292	duration	1428223899
4	293	done	1428223913
4	293	tag	1428224780
4	293	duration	1428224782
4	296	done	1428224790
4	296	tag	1428225347
4	296	duration	1428225351
4	297	done	1428225363
4	297	tag	1428227224
4	297	duration	1428227226
4	298	done	1428227238
4	298	tag	1428228815
4	298	duration	1428228816
4	299	done	1428228831
4	299	duration	1428232078
4	301	done	1428232093
4	301	tag	1428232532
4	301	duration	1428232534
4	302	done	1428232547
4	302	tag	1428233254
4	302	duration	1428233256
4	303	done	1428233266
4	303	tag	1428233937
4	303	duration	1428233938
4	307	done	1428233948
4	307	tag	1428234965
4	307	duration	1428234967
4	309	done	1428234982
4	309	tag	1428235640
4	309	duration	1428235641
4	310	done	1428235655
4	310	tag	1428236393
4	310	duration	1428236394
4	311	done	1428236406
4	311	tag	1428237179
4	311	duration	1428237181
4	315	done	1428237195
4	315	tag	1428237839
4	315	duration	1428237841
4	316	done	1428237854
4	316	tag	1428238425
4	316	duration	1428238426
4	320	done	1428238442
4	320	tag	1428239068
4	320	duration	1428239070
4	321	done	1428239083
4	321	tag	1428240032
4	321	duration	1428240040
4	329	done	1428240065
4	329	duration	1428240100
5	1	enter	1415933104
5	1	done	1415933118
5	298	done	1422859705
5	298	duration	1422862307
5	290	done	1423727774
5	290	tag	1423729070
5	290	duration	1423731389
5	286	done	1426827434
5	286	tag	1426829770
5	286	duration	1426829775
5	1	watch	1426829856
5	1	done	1426830683
5	1	watch	1426830686
5	289	duration	1427784835
5	289	done	1427784842
5	289	tag	1427784843
5	285	done	1427784850
5	285	tag	1427786253
5	285	duration	1427787367
5	287	done	1427788146
5	287	duration	1427790492
5	1	tag	1427937050
5	292	tag	1427945602
5	292	done	1427945833
5	292	duration	1427945837
5	293	done	1427945842
5	293	tag	1427946478
5	293	duration	1427946554
6	338	done	1427463113
6	302	done	1427967095
6	1	enter	1429315716
6	1	tag	1429528834
6	292	done	1429528852
7	1	tag	1415078612
7	1	enter	1415110750
7	1	watch	1415110837
7	1	done	1415111738
8	1	enter	1429623714
8	1	watch	1429623741
8	292	tag	1429753361
8	292	duration	1429756262
8	1	done	1429797971
8	315	done	1429798058
8	1	done	1429798073
8	292	done	1429798165
8	1	tag	1430063012
8	285	done	1430063020
9	1	duration	1429057802
9	291	done	1429081547
9	1	tag	1429478184
9	293	tag	1429645245
9	285	done	1429662524
9	286	done	1429662572
9	285	duration	1429664290
9	286	duration	1429665243
9	287	done	1429666113
9	298	tag	1429667536
9	292	done	1429668671
9	287	duration	1429670400
9	286	done	1429672517
9	293	done	1429685439
9	298	done	1429706892
9	285	duration	1429734852
9	1	tag	1429772726
9	285	done	1429772735
10	1	enter	1414288140
10	1	done	1414288176
10	1	tag	1418780551
10	1	watch	1418780554
11	285	done	1426681277
11	285	duration	1426683775
11	286	done	1427012867
11	286	tag	1427013851
11	286	duration	1427015790
11	287	done	1427978193
11	287	duration	1427980805
11	287	tag	1427980817
11	289	done	1427980915
11	289	duration	1427983471
11	290	done	1428298457
11	290	tag	1428300564
11	290	duration	1428301254
11	291	done	1428302071
11	291	tag	1428302075
11	291	duration	1428304756
11	292	done	1428409863
11	292	tag	1428409883
11	292	duration	1428412740
11	293	duration	1428496922
11	293	done	1428497139
11	294	done	1428497208
11	294	tag	1428497868
11	294	duration	1428499900
11	295	done	1429186272
11	295	tag	1429187579
11	295	duration	1429188875
11	1	watch	1429420337
11	1	enter	1429420429
11	296	duration	1429496048
11	296	done	1429536560
11	297	duration	1429757177
11	1	tag	1429796130
11	297	done	1429796165
12	1	watch	1429314091
12	1	watch	1429315287
12	1	enter	1429318248
12	1	done	1429318254
13	1	tag	1413281003
13	285	done	1413618278
13	289	done	1413630281
13	290	duration	1413632238
13	290	tag	1413632242
13	290	done	1413632243
13	292	done	1413639392
13	292	duration	1413639393
13	293	duration	1413809427
13	293	done	1413809427
13	294	done	1413810170
13	294	duration	1413810173
13	1	done	1414745600
13	1	enter	1414745649
13	315	done	1415099335
13	316	duration	1415103464
13	316	done	1415103969
13	1	tag	1420032370
13	1	watch	1420855333
14	1	tag	1416279605
14	1	watch	1416279609
14	1	enter	1416724222
14	1	done	1416724238
15	1	tag	1410749609
15	1	tag	1411865679
15	1	tag	1412484186
15	1	done	1414023768
15	297	done	1414455757
15	297	duration	1414455757
15	293	done	1416360234
15	293	duration	1416360234
15	293	tag	1416360234
15	301	duration	1416466824
15	289	duration	1417747956
15	289	done	1417747976
15	323	duration	1417766450
15	323	done	1417768493
15	285	duration	1418715017
15	324	done	1418718070
15	317	done	1418736022
15	317	duration	1418738756
15	310	duration	1418951123
15	305	duration	1418951494
15	294	duration	1418952751
15	301	done	1419986767
15	1	watch	1421226968
15	1	tag	1422326598
15	286	done	1422326611
15	286	duration	1422327728
15	1	enter	1429078031
16	285	duration	1429734819
16	286	duration	1429737413
16	287	duration	1429740207
16	289	duration	1429749501
16	290	duration	1429752331
16	285	done	1429773739
16	1	watch	1429775938
16	286	done	1429776247
16	1	enter	1429777793
16	1	done	1429777813
16	287	done	1429778838
16	288	done	1429781634
16	289	done	1429788331
16	290	done	1429790925
16	291	done	1429793752
16	296	duration	1429823031
16	297	duration	1429825801
16	298	duration	1429828448
16	299	tag	1429828461
16	299	duration	1429831130
16	300	duration	1429833852
16	301	duration	1429836597
16	292	done	1429843571
16	293	done	1429846553
16	292	duration	1429848208
16	294	done	1429853591
16	295	done	1429861434
16	296	done	1429861441
16	297	done	1429864566
16	298	done	1429867331
16	299	done	1429870006
16	300	done	1429872693
16	301	done	1429875390
16	302	done	1429878130
16	303	done	1429918724
16	304	done	1429921925
16	303	duration	1429923328
16	305	done	1429924484
16	304	duration	1429926156
16	1	tag	1429933389
16	306	done	1429933408
17	285	tag	1429233457
17	286	duration	1429233478
17	1	tag	1429235343
17	285	done	1429235357
17	285	duration	1429236068
17	287	tag	1429236083
17	287	done	1429236084
17	287	duration	1429236094
17	298	duration	1429236103
18	1	tag	1427764510
18	285	done	1427764522
18	285	tag	1427765133
18	1	enter	1429528251
18	1	watch	1429530456
19	1	tag	1426662316
19	285	done	1426662351
19	285	duration	1426663637
19	285	tag	1426663640
19	1	enter	1429576177
20	1	done	1429600294
20	1	watch	1429600297
20	1	watch	1429746142
20	1	enter	1429746475
20	1	done	1429746524
21	293	done	1426720928
21	293	tag	1426723451
21	293	duration	1426723624
21	294	done	1426724086
21	294	tag	1426724979
21	295	done	1426742658
21	295	tag	1426744985
21	295	duration	1426745308
21	1	tag	1427780919
21	297	done	1427783294
21	297	tag	1427785373
21	297	duration	1427785429
21	298	done	1427785437
21	298	duration	1427785445
21	299	tag	1427786614
21	299	done	1427788390
21	299	duration	1427791141
22	1	watch	1413960339
22	1	done	1413964153
22	1	enter	1413964186
22	287	duration	1414115152
22	287	done	1414115153
22	288	done	1414115162
22	289	done	1414115235
22	290	done	1414115469
22	294	done	1414198448
22	297	done	1414369601
22	297	duration	1414369603
22	296	done	1414369634
22	289	duration	1414369655
22	312	done	1414462474
22	291	done	1414892179
22	291	duration	1414892179
22	315	done	1417135706
22	315	duration	1417135706
22	320	duration	1417141186
22	320	done	1417141188
22	310	done	1417144691
22	310	duration	1417144695
22	296	duration	1418776693
22	288	duration	1418776700
22	1	tag	1418864834
23	1	enter	1416375747
23	1	done	1416375762
23	1	tag	1419421997
23	1	watch	1419422007
24	1	enter	1415603545
24	1	done	1415603562
24	1	tag	1416904048
24	322	duration	1416904117
24	322	done	1416904119
24	1	watch	1419380631
25	286	duration	1416025507
25	290	tag	1416056986
25	290	done	1416056987
25	288	done	1416057393
25	288	duration	1416057393
25	1	enter	1416136120
25	1	done	1416136166
25	338	done	1416198342
25	338	duration	1416198343
25	286	done	1416621428
25	295	done	1416746660
25	293	done	1416748043
25	293	duration	1416748044
25	299	done	1416748846
25	292	duration	1416749181
25	292	done	1416749183
25	287	done	1416964525
25	287	duration	1416964525
25	291	duration	1416965294
25	1	watch	1420198506
25	1	tag	1420198608
25	285	done	1420198672
25	285	duration	1420198677
26	288	done	1414311237
26	288	duration	1414311239
26	298	done	1414311382
26	291	done	1414311387
26	294	done	1414311498
26	1	watch	1414401249
26	293	duration	1414579066
26	293	done	1414579067
26	290	duration	1414582323
26	290	tag	1414582324
26	290	done	1414582324
26	287	duration	1414672723
26	300	duration	1414836164
26	286	duration	1414836281
26	307	duration	1414836396
26	1	enter	1414933255
26	1	done	1414933261
26	285	done	1420163272
26	285	duration	1420166162
26	286	done	1420168007
26	1	tag	1422776887
26	289	done	1422776895
26	289	duration	1422779809
27	1	tag	1413022363
27	1	tag	1413022494
27	1	watch	1414151736
27	1	enter	1414208608
27	1	done	1414208652
27	288	done	1417573420
27	289	done	1418357739
27	1	tag	1418966740
27	289	duration	1418967077
28	336	done	1426693041
28	336	tag	1426693062
28	336	duration	1426694653
28	1	tag	1426694663
28	329	done	1426694671
28	1	watch	1429978674
28	1	enter	1429978705
29	1	tag	1413198822
29	1	enter	1414244016
29	1	done	1414244097
29	289	duration	1416377989
29	289	done	1416377990
29	290	done	1416380574
29	291	done	1416384510
29	291	duration	1416384510
29	293	done	1416441608
29	295	done	1416448925
29	297	duration	1416457720
29	302	duration	1416540464
29	302	done	1416540466
29	303	done	1416543725
29	309	done	1416614193
29	310	done	1416616992
29	309	duration	1416648951
29	1	tag	1419941179
29	1	watch	1419941186
30	286	done	1427097503
30	289	done	1427097518
30	289	tag	1427097527
30	287	done	1427097532
30	298	duration	1427097734
30	298	tag	1427097737
30	1	enter	1429277019
30	303	done	1429532744
30	1	tag	1429932784
30	288	done	1429932794
30	295	done	1429935775
30	288	duration	1429937561
31	1	tag	1429600097
31	1	watch	1429600107
31	1	enter	1429605300
31	1	done	1429605310
32	285	done	1427787349
32	286	done	1427789930
32	286	tag	1427790667
32	286	duration	1427791097
32	288	done	1427791107
32	288	tag	1427791463
32	288	duration	1427792216
32	1	tag	1429334220
32	306	done	1429334251
32	306	duration	1429336641
32	1	watch	1429837261
32	1	enter	1429841339
32	1	done	1429841368
33	285	duration	1429654843
33	285	done	1429693322
33	289	duration	1429735264
33	290	duration	1429738134
33	286	done	1429750814
33	287	done	1429754628
33	286	duration	1429756309
33	288	duration	1429760914
33	289	done	1429774133
33	290	done	1429776706
33	292	duration	1429822148
33	293	duration	1429824803
33	291	done	1429856785
33	293	done	1429863705
33	294	done	1429866683
33	295	duration	1429901520
33	295	done	1429939016
33	292	done	1429943070
33	297	duration	1429996865
33	296	duration	1429999642
33	297	done	1430031348
33	1	tag	1430038423
33	296	done	1430038433
34	1	tag	1413087583
34	298	done	1413087647
34	298	duration	1413087694
34	302	done	1413111280
34	302	duration	1413111323
34	303	done	1413123669
34	303	duration	1413123679
34	1	enter	1413992980
34	1	done	1413992997
34	1	tag	1414983975
34	285	duration	1414983983
34	285	done	1414983983
34	1	watch	1418091023
35	1	enter	1416984271
35	1	done	1416984295
35	1	tag	1416986777
35	1	watch	1419650891
36	1	tag	1413255421
36	1	tag	1413255422
36	1	tag	1413255764
36	1	watch	1416298566
36	1	done	1416538249
36	285	done	1417152050
36	1	done	1417872065
36	1	watch	1418260095
36	291	done	1418268599
36	291	duration	1418270806
36	286	done	1418270809
36	1	tag	1428831983
36	1	enter	1429075043
37	1	tag	1411221753
37	1	tag	1413171942
37	1	enter	1414926105
37	1	done	1414926111
37	285	done	1415245298
37	286	duration	1415247389
37	289	done	1415275841
37	307	duration	1415278447
37	303	duration	1415278522
37	303	done	1415278524
37	314	duration	1415278536
37	331	done	1415278589
37	331	duration	1415278590
37	330	duration	1415278623
37	321	duration	1415278627
37	335	duration	1415278641
37	336	done	1415278649
37	338	done	1415278674
37	327	duration	1415283251
37	335	tag	1415284342
37	287	done	1415331429
37	287	tag	1415331429
37	305	duration	1415359874
37	301	duration	1415359985
37	326	done	1415359995
37	334	done	1415360069
37	334	tag	1415360070
37	334	duration	1415360074
37	320	duration	1415363093
37	320	done	1415363094
37	337	duration	1415363099
37	337	done	1415363100
37	338	duration	1415363102
37	325	duration	1415363113
37	327	done	1415363120
37	335	done	1415363130
37	295	done	1415590646
37	295	duration	1415590646
37	297	done	1415590652
37	298	duration	1415679382
37	294	duration	1415711387
37	299	done	1415713224
37	299	duration	1415713225
37	296	done	1415715337
37	305	done	1415794209
37	298	done	1415796409
37	311	tag	1415798618
37	311	done	1415798621
37	311	duration	1415798625
37	286	done	1416110537
37	294	done	1416110556
37	300	done	1416110588
37	300	duration	1416110594
37	288	duration	1416110623
37	288	done	1416110626
37	301	done	1416110642
37	285	duration	1416115534
37	315	done	1416117876
37	1	tag	1417274297
37	1	watch	1418097376
37	1	watch	1418301542
38	1	enter	1415099536
38	1	done	1415099576
38	1	tag	1420686382
38	1	watch	1420686386
39	1	tag	1413115463
39	291	done	1413770162
39	1	watch	1414029230
39	1	enter	1414029517
39	1	done	1414029525
39	287	done	1414051571
39	287	duration	1414051619
39	290	done	1414367923
39	285	done	1415882981
39	285	duration	1415883067
39	311	duration	1417331362
39	1	tag	1420682278
40	1	enter	1414027964
40	1	done	1414027975
40	1	watch	1418516298
40	286	done	1418516956
40	1	tag	1418517073
40	285	done	1418517080
41	1	enter	1416931533
41	1	done	1416931562
41	1	tag	1417319545
41	1	watch	1420363549
42	1	enter	1414503552
42	1	done	1414503568
42	1	watch	1415776154
42	1	done	1415776188
42	1	tag	1416096019
42	1	watch	1419775651
43	1	watch	1414113674
43	1	enter	1414115092
43	1	done	1414115103
43	1	tag	1416364012
44	1	done	1415759251
44	1	watch	1415759256
44	1	enter	1416469076
44	1	done	1416469089
44	1	tag	1419790071
45	1	done	1415551777
45	1	watch	1415551780
45	1	tag	1416490311
45	1	enter	1416490797
45	1	done	1416490807
46	1	enter	1416492756
46	1	done	1416492767
46	1	tag	1420287743
46	1	done	1420288075
46	1	watch	1420288078
46	1	watch	1420504591
47	1	tag	1414649982
47	1	enter	1414985819
47	1	done	1414985825
47	1	duration	1415942635
47	1	done	1415942649
47	286	done	1416019481
47	286	duration	1416019483
47	285	tag	1416019510
47	285	done	1416019511
47	285	duration	1416019513
47	1	tag	1416019516
48	1	watch	1414982744
48	1	enter	1414984523
48	1	done	1414984533
48	1	done	1416018879
48	1	duration	1416018899
48	1	tag	1416018914
49	1	enter	1415164468
49	1	done	1415164475
49	1	duration	1416019130
49	1	done	1416019134
49	1	tag	1416019156
50	1	done	1414648223
50	1	duration	1414648253
50	1	enter	1414985517
50	1	done	1414985524
50	285	duration	1416019311
50	285	done	1416019312
50	1	tag	1416019320
50	286	duration	1416019324
50	286	done	1416019325
50	1	watch	1420757655
51	1	tag	1413339156
51	331	duration	1413775281
51	331	done	1413775285
51	332	duration	1413785353
51	332	done	1413785353
51	333	done	1413789365
51	334	done	1413859186
51	334	duration	1413860761
51	337	duration	1413877471
51	1	done	1413942605
51	338	duration	1413943353
51	291	duration	1414726693
51	286	duration	1414743613
51	285	duration	1414980900
51	285	done	1414980901
51	292	done	1416203968
51	292	duration	1416203968
51	289	done	1416451158
51	1	tag	1416796054
51	1	enter	1429071103
51	1	watch	1429071332
52	1	done	1415256291
52	285	done	1417140973
52	285	duration	1417140974
52	1	tag	1417765226
52	1	watch	1419217207
52	1	enter	1429083579
53	1	watch	1416189888
53	1	enter	1416277356
53	1	done	1416277373
53	1	tag	1416277702
53	285	done	1416277707
53	285	duration	1416277707
54	1	enter	1414679244
54	1	done	1414679268
54	292	done	1418302568
54	1	watch	1419318465
54	1	tag	1421461925
54	1	done	1421461951
54	1	duration	1421462740
55	291	tag	1426723320
55	291	done	1426724848
55	291	duration	1426727613
55	292	done	1426819444
55	293	duration	1426830704
55	293	done	1426831116
55	294	done	1426991684
55	295	done	1426996334
55	296	done	1427001135
55	296	duration	1427003234
55	297	done	1427003244
55	297	duration	1427006084
55	298	done	1427073942
55	298	duration	1427076662
55	301	done	1427771218
55	1	enter	1429059850
55	1	tag	1429497767
55	300	done	1429497822
55	1	watch	1429700192
56	285	done	1427026337
56	285	duration	1427028836
56	286	done	1427028847
56	286	tag	1427030205
56	286	duration	1427031427
56	287	done	1427031442
56	287	tag	1427033493
56	288	done	1427033505
56	288	tag	1427035814
56	288	duration	1427036235
56	1	watch	1429656854
56	1	enter	1429747922
56	1	done	1429747929
56	289	done	1429747958
56	293	duration	1429926730
56	294	duration	1429930163
56	1	tag	1429965127
56	293	done	1429965187
56	294	done	1429968723
56	295	done	1429971428
57	1	done	1415331799
57	1	enter	1415331862
57	1	tag	1419554752
57	1	watch	1419579723
58	1	tag	1409740382
58	1	enter	1415448803
58	1	done	1415448897
58	1	watch	1419399347
58	1	tag	1419421966
59	291	done	1428754498
59	291	tag	1428754503
59	291	duration	1428757144
59	1	tag	1429188328
59	1	watch	1429708168
59	1	enter	1429709814
59	1	done	1429709862
60	291	done	1416207905
60	299	duration	1416208077
60	299	done	1416208077
60	1	enter	1416366430
60	1	done	1416366463
60	1	tag	1417159677
61	1	tag	1413271633
61	1	enter	1415930228
61	1	done	1415930233
61	1	tag	1419822052
62	1	enter	1416194889
62	1	done	1416194902
62	1	tag	1417264474
62	1	watch	1418989636
63	1	tag	1413359145
63	1	enter	1416037741
63	1	done	1416037746
63	1	tag	1419303123
64	1	enter	1416195275
64	1	done	1416195307
64	1	tag	1417264576
64	1	watch	1418005410
65	1	enter	1416206329
65	1	done	1416206343
65	1	tag	1417408875
65	1	watch	1418988081
66	1	enter	1416367074
66	1	done	1416367084
66	285	done	1418279307
66	286	done	1418279313
66	286	duration	1418279316
66	287	done	1418279321
66	287	duration	1418279323
66	288	done	1418279327
66	288	duration	1418279331
66	289	done	1418279336
66	289	duration	1418279340
66	290	done	1418279343
66	290	duration	1418279346
66	291	done	1418279351
66	291	duration	1418279356
66	292	done	1418279361
66	292	duration	1418279365
66	293	done	1418279370
66	293	duration	1418279373
66	294	done	1418279377
66	294	duration	1418279380
66	295	done	1418279386
66	295	duration	1418279388
66	1	tag	1418862061
67	1	enter	1415842545
67	1	done	1415842563
67	1	watch	1418012207
67	1	tag	1418113198
68	1	tag	1429965655
68	1	watch	1429965995
68	1	enter	1429966474
68	1	done	1429966483
69	1	tag	1417405545
69	1	enter	1417406353
69	1	done	1417406359
69	1	watch	1420856170
70	1	enter	1414899243
70	1	done	1414899251
70	287	done	1418843848
70	287	duration	1418846440
70	293	done	1418846450
70	293	duration	1418847622
70	296	duration	1418893121
70	295	done	1419235912
70	295	duration	1419235918
70	299	done	1419383261
70	299	duration	1419384996
70	302	done	1419406739
70	304	done	1419409391
70	304	duration	1419410705
70	316	done	1419410734
70	315	done	1419413923
70	315	duration	1419416099
70	319	done	1419416111
70	319	duration	1419418219
70	335	done	1419418231
70	335	duration	1419420790
70	334	done	1419420799
70	334	duration	1419423244
70	328	done	1419423255
70	328	duration	1419424209
70	325	done	1419469007
70	325	duration	1419471599
70	1	tag	1419493215
70	329	done	1419493238
70	329	duration	1419495705
70	1	watch	1419651835
71	1	enter	1416396710
71	1	done	1416396722
71	1	watch	1420618217
71	1	tag	1420618233
72	1	tag	1413333310
72	1	tag	1413333527
72	285	tag	1414629287
72	1	enter	1415685513
72	1	done	1415685548
72	295	tag	1416210065
72	295	duration	1416210065
72	295	done	1416210066
72	296	done	1416213021
72	297	done	1416276011
72	330	duration	1418709898
72	297	duration	1418709956
72	1	duration	1418710258
72	299	done	1418779787
72	299	duration	1418779793
72	300	done	1418779807
72	300	duration	1418779814
72	301	done	1418779828
72	301	duration	1418779835
72	302	done	1418779871
72	302	duration	1418779880
72	303	done	1418779893
72	303	duration	1418779902
72	304	done	1418779917
72	304	duration	1418779924
72	305	done	1418779939
72	305	duration	1418779947
72	306	done	1418779961
72	306	duration	1418779970
72	307	done	1418780024
72	307	duration	1418782783
72	308	done	1418783599
72	309	done	1418800953
72	310	done	1418803498
72	311	done	1418806396
72	322	tag	1419322017
72	322	duration	1419322332
72	320	done	1419327390
72	320	duration	1419327401
72	312	done	1420361375
72	312	duration	1420363535
72	288	done	1420448582
72	288	duration	1420448588
72	289	done	1420448599
72	289	duration	1420448607
72	290	done	1420448617
72	290	duration	1420448625
72	291	done	1420448637
72	291	duration	1420448645
72	292	done	1420448657
72	292	duration	1420448665
72	293	done	1420448677
72	293	duration	1420448684
72	294	done	1420448695
72	294	duration	1420448702
72	313	done	1420530635
72	313	duration	1420533361
72	314	done	1420533380
72	314	duration	1420535937
72	1	watch	1420626979
72	285	done	1420678274
72	285	duration	1420678279
72	286	done	1420678292
72	286	duration	1420678298
72	287	done	1420678309
72	287	duration	1420678317
72	321	done	1420678329
72	321	duration	1420678335
72	315	done	1420699187
72	315	duration	1420701742
72	316	done	1420701759
72	316	duration	1420704419
72	317	done	1420704435
72	317	duration	1420706948
72	1	tag	1420706955
72	318	done	1420706966
72	318	duration	1420709446
73	1	enter	1416929640
73	1	done	1416929764
73	1	tag	1420616729
73	1	watch	1420686554
74	1	tag	1412865973
74	1	enter	1414897216
74	1	done	1414897223
74	290	duration	1415707159
74	290	done	1415707161
74	292	done	1415707180
74	1	done	1415710456
74	1	duration	1415710458
74	285	done	1417615007
74	285	duration	1417617504
74	286	done	1417617523
74	286	duration	1417620103
74	287	done	1417783158
74	288	duration	1417783161
74	288	done	1417783166
74	289	done	1417783173
74	298	duration	1417792100
74	298	done	1417792111
74	299	duration	1417792131
74	300	done	1418302071
74	294	duration	1418303543
74	294	done	1418303548
74	299	done	1418303554
74	301	done	1418303561
74	333	duration	1418303571
74	333	done	1418303578
74	332	duration	1418303581
74	332	done	1418303587
74	1	tag	1418569225
74	327	done	1418569706
74	328	done	1418569713
74	338	done	1418569724
74	338	duration	1418572779
74	1	watch	1420368999
75	285	duration	1417695205
75	285	tag	1417695208
75	1	tag	1417695222
75	285	done	1417695280
75	286	done	1417695769
75	286	duration	1417696519
75	287	done	1417696592
75	287	duration	1417697003
75	288	done	1417697012
75	288	duration	1417697810
75	290	done	1417697818
75	290	duration	1417698547
75	291	done	1417698557
75	291	duration	1417699303
75	292	done	1417699310
75	292	duration	1417700015
75	294	done	1417700026
75	294	duration	1417700845
75	296	done	1417701309
75	296	duration	1417702564
75	1	watch	1420372359
76	286	duration	1413958521
76	285	done	1413958921
76	285	duration	1413958927
76	289	done	1413959224
76	289	duration	1413959250
76	290	done	1413959714
76	290	duration	1413959754
76	291	done	1413960105
76	287	done	1415102477
76	287	duration	1415102479
76	1	enter	1416450993
76	1	done	1416451016
76	292	done	1417523154
76	1	tag	1417524189
76	292	duration	1417524193
76	286	done	1417524291
77	285	duration	1427374067
77	285	done	1427374071
77	286	done	1427374081
77	286	duration	1427376668
77	287	duration	1427379214
77	287	done	1427379217
77	288	done	1427525714
77	288	duration	1427528442
77	289	done	1427543760
77	289	duration	1427546310
77	290	done	1427546324
77	290	duration	1427549085
77	291	done	1427549097
77	291	duration	1427551788
77	294	done	1427637452
77	294	duration	1427637563
77	295	tag	1427637573
77	295	done	1427637597
77	295	duration	1427637641
77	296	done	1427637656
77	296	duration	1427637734
77	297	done	1427637835
77	297	duration	1427637901
77	299	done	1427637906
77	299	duration	1427638035
77	300	tag	1427638039
77	300	done	1427638042
77	300	duration	1427638083
77	301	done	1427638092
77	301	duration	1427638105
77	302	done	1427638110
77	302	duration	1427638124
77	303	tag	1427638129
77	303	done	1427638130
77	303	duration	1427638162
77	304	done	1427638168
77	304	duration	1427638182
77	293	done	1427716027
77	293	duration	1427718711
77	1	tag	1427720369
77	305	done	1427720381
77	306	tag	1427720393
77	306	done	1427720396
77	307	done	1427720409
77	307	duration	1427720419
77	308	done	1427720426
77	308	duration	1427720438
77	309	done	1427720443
77	309	duration	1427720455
77	310	done	1427720462
77	310	duration	1427720480
77	311	done	1427720484
77	311	duration	1427720497
77	312	done	1427720502
77	312	duration	1427720518
77	313	done	1427724971
77	313	duration	1427727633
78	1	tag	1429606380
78	1	watch	1429658301
78	1	enter	1429658656
78	1	done	1429658675
79	292	done	1429224853
79	1	watch	1429598360
79	1	enter	1429666122
79	1	done	1429666145
79	286	duration	1429729732
79	287	duration	1429732650
79	285	tag	1429751911
79	285	done	1429758936
79	286	done	1429768511
79	288	done	1429774094
79	287	done	1429780716
79	289	duration	1429816961
79	290	duration	1429820754
79	291	duration	1429823458
79	295	duration	1429825854
79	288	done	1429846513
79	289	done	1429855371
79	1	tag	1429859529
79	290	done	1429859535
79	291	done	1429862311
79	295	done	1429865008
80	1	tag	1415090562
80	287	duration	1415090573
80	287	done	1415090574
80	1	enter	1416448431
80	1	done	1416448442
81	1	enter	1416397761
81	1	done	1416397793
81	285	duration	1418210339
81	286	duration	1418213114
81	287	done	1418216878
81	287	duration	1418216881
81	1	tag	1418219641
81	288	duration	1418222386
81	1	watch	1420512228
82	295	duration	1415419621
82	295	done	1415419623
82	298	done	1415419654
82	298	duration	1415419656
82	1	watch	1415710263
82	302	done	1415711047
82	1	enter	1416405211
82	1	done	1416405238
82	290	tag	1416488933
82	294	tag	1416489062
82	291	done	1417789521
82	291	duration	1417789524
82	292	done	1417789532
82	292	duration	1417789538
82	293	done	1417789550
82	293	duration	1417789553
82	294	done	1417789560
82	294	duration	1417789563
82	296	done	1417789576
82	296	duration	1417789579
82	297	done	1417789592
82	297	duration	1417789633
82	299	done	1417789646
82	299	duration	1417789672
82	305	done	1417873778
82	305	duration	1417873782
82	306	done	1417873792
82	306	duration	1417873797
82	307	done	1417873809
82	307	duration	1417873818
82	308	done	1417873830
82	308	duration	1417873836
82	333	done	1417873851
82	333	duration	1417873858
82	332	done	1417873874
82	332	duration	1417873877
82	330	done	1417873894
82	330	duration	1417873898
82	285	done	1420637568
82	285	duration	1420637572
82	286	done	1420637590
82	286	duration	1420637596
82	287	done	1420637614
82	287	duration	1420637618
82	288	done	1420637638
82	288	duration	1420637643
82	289	done	1420637659
82	289	duration	1420637664
82	1	tag	1420637669
82	290	done	1420637680
82	290	duration	1420637683
83	285	duration	1415843579
83	285	done	1415843579
83	1	enter	1416571109
83	1	done	1416571120
83	287	done	1416577791
83	287	duration	1416577792
83	300	done	1416717882
83	293	done	1416721048
83	300	duration	1416721391
83	310	duration	1416746833
83	310	done	1416746833
83	290	done	1416963718
83	290	duration	1416972473
83	314	duration	1416984820
83	314	done	1416984821
83	305	duration	1416988191
83	305	done	1416988192
83	1	tag	1417049195
83	1	watch	1420774743
84	1	tag	1413337621
84	1	watch	1416584192
84	1	enter	1416888805
84	1	done	1416888841
84	1	tag	1419385192
85	1	tag	1410566282
85	1	tag	1413361972
85	1	enter	1415291645
85	1	done	1415291652
85	1	watch	1415603785
85	337	done	1415851308
85	332	duration	1415941974
85	331	duration	1415944748
85	331	done	1415944749
85	330	done	1415946859
85	330	duration	1415946860
85	329	duration	1415951357
85	329	done	1415951361
85	1	tag	1416464545
85	319	done	1416464554
85	319	duration	1416464554
86	1	watch	1415370086
86	1	done	1415371129
86	1	enter	1415371189
86	285	done	1415596099
86	295	done	1416383431
86	287	tag	1416492370
86	288	duration	1416492379
86	289	tag	1416492387
86	286	duration	1416577921
86	294	done	1416577991
86	286	done	1416712333
86	287	duration	1416712480
86	287	done	1416712480
86	288	done	1416712487
86	292	duration	1416712535
86	292	done	1416712536
86	293	done	1416712542
86	293	duration	1416712542
86	294	duration	1416712552
86	285	duration	1416798236
86	289	duration	1416798297
86	289	done	1416798299
86	290	duration	1416798307
86	290	done	1416798307
86	291	done	1416798327
86	291	duration	1416798330
86	1	tag	1416798354
87	1	tag	1411704265
87	1	tag	1413354880
87	1	tag	1413354882
87	329	duration	1413865634
87	307	done	1414135119
87	308	duration	1414234190
87	318	done	1414373165
87	318	duration	1414373165
87	1	watch	1414661935
87	1	enter	1414894685
87	1	done	1414894706
87	290	duration	1414896012
87	1	tag	1416285446
88	1	tag	1409907218
88	1	tag	1409907230
88	1	tag	1413342015
88	1	watch	1415084176
88	1	enter	1416362115
88	1	done	1416362123
89	1	done	1415841606
89	1	enter	1416709478
89	1	done	1416709500
89	1	watch	1416878626
89	317	done	1416991359
89	317	duration	1416991361
89	328	duration	1416995268
89	329	duration	1417052906
89	331	done	1417135269
89	328	done	1417141117
89	1	tag	1417409193
89	1	watch	1421325795
90	1	tag	1415770767
90	1	watch	1415770839
90	1	enter	1415771582
90	1	done	1415771613
91	1	tag	1413119010
91	285	done	1413119048
91	285	duration	1413119081
91	1	watch	1414506977
91	1	enter	1414508911
91	1	done	1414508927
92	1	tag	1413184865
92	1	watch	1415318784
92	1	enter	1416182859
92	1	done	1416182876
93	1	watch	1414648731
93	1	enter	1414655208
93	1	done	1414655222
93	1	tag	1415257291
93	285	duration	1415257312
94	1	tag	1416891015
94	1	watch	1416891022
94	1	enter	1416920225
94	1	done	1416920763
95	1	tag	1416627978
95	1	watch	1416627985
95	1	enter	1416641895
95	1	done	1416641914
96	1	tag	1410780123
96	1	tag	1412908715
96	1	tag	1415007547
96	285	done	1415007593
96	285	duration	1415007597
96	1	watch	1415704068
96	1	enter	1416200849
96	1	done	1416200964
97	1	tag	1429191199
97	1	enter	1429191273
97	287	done	1429191306
97	1	watch	1429191402
97	287	duration	1429193822
98	1	tag	1410957219
98	289	duration	1414496224
98	289	done	1414496226
98	338	done	1414753856
98	337	done	1414753868
98	337	duration	1414753872
98	315	duration	1414839446
98	322	duration	1414839471
98	291	duration	1414839664
98	291	done	1414839665
98	1	watch	1415851752
98	1	enter	1415853745
98	1	done	1415853765
98	298	done	1418126106
98	299	done	1418127578
98	1	tag	1419507251
98	335	done	1419507262
98	336	done	1419507267
98	333	done	1419507272
98	333	duration	1419510865
98	327	done	1419510871
99	1	tag	1411479812
99	1	tag	1411479820
99	1	tag	1413016451
99	1	watch	1414560574
99	1	enter	1414561607
99	1	done	1414561622
99	314	duration	1414564133
99	315	duration	1414564162
99	315	done	1414564164
99	316	done	1414564213
99	317	done	1414564256
99	318	duration	1414564300
99	319	duration	1414564649
99	320	done	1414564684
99	322	done	1414565286
99	323	done	1414565371
99	324	done	1414565399
99	326	duration	1414565495
99	327	done	1414565515
99	329	done	1414565588
99	332	done	1414565735
99	332	duration	1414565736
99	333	duration	1414565771
99	335	done	1414648094
99	335	duration	1414648096
99	336	done	1414728017
99	337	done	1414728029
99	337	duration	1414728029
99	1	tag	1414728045
99	338	duration	1414728053
99	338	done	1414728054
100	1	done	1428041044
100	285	done	1428041050
100	286	done	1428048883
100	1	done	1428053863
100	1	done	1428053870
100	1	done	1428053899
100	1	tag	1429843983
101	1	tag	1415064880
101	1	watch	1415064883
101	1	enter	1415065132
101	1	done	1415065139
102	1	watch	1417429652
102	1	watch	1417429716
102	1	enter	1417430123
102	1	done	1417430153
102	288	done	1417614274
102	288	duration	1417614288
102	304	done	1418135609
102	304	duration	1418138135
102	303	done	1418140824
102	303	duration	1418143848
102	300	done	1418143860
102	300	duration	1418144260
102	296	done	1418534762
102	296	duration	1418537508
102	299	duration	1418540225
102	299	done	1418540240
102	1	tag	1418550161
102	298	done	1418550178
102	298	duration	1418552781
102	302	done	1418552794
102	302	duration	1418555264
102	308	done	1418555272
102	308	duration	1418558589
103	1	tag	1416393026
103	1	watch	1416393691
103	1	enter	1416394697
103	1	done	1416394722
104	285	done	1414109507
104	286	duration	1414195339
104	286	done	1414195344
104	288	done	1414455425
104	288	duration	1414455428
104	291	done	1414556258
104	291	duration	1414556260
104	290	duration	1414642336
104	290	done	1414642338
104	1	watch	1416364385
104	1	enter	1416923172
104	1	done	1416923367
104	285	duration	1417091407
104	295	done	1417519405
104	295	duration	1417522009
104	299	duration	1417522038
104	299	done	1417522043
104	310	done	1417525986
104	310	duration	1417527240
104	330	done	1417527257
104	330	duration	1417529935
104	1	tag	1418732690
105	1	tag	1415937092
105	1	watch	1415937127
105	1	enter	1415937599
105	1	done	1415937616
106	1	enter	1415781533
106	1	done	1415781570
106	294	done	1416413987
106	294	duration	1416413989
106	304	done	1416502954
106	304	duration	1416502970
106	333	done	1416851326
106	333	duration	1416851359
106	303	done	1417238633
106	1	watch	1418265530
106	326	done	1418273837
106	326	duration	1418276910
106	302	done	1418525171
106	302	duration	1418526163
106	320	done	1418567514
106	320	duration	1418569877
106	286	duration	1418725988
106	338	done	1418801677
106	291	done	1418843252
106	291	duration	1418843540
106	290	done	1418872505
106	295	done	1418894181
106	295	duration	1418896868
106	297	done	1418896888
106	290	duration	1418964928
106	296	duration	1419010753
106	324	done	1419079435
106	324	duration	1419082536
106	305	done	1419082543
106	292	duration	1419351310
106	313	done	1419393489
106	313	duration	1419396136
106	293	done	1419430828
106	293	duration	1419433512
106	299	done	1419533828
106	299	duration	1419535998
106	300	done	1420221243
106	300	duration	1420223606
106	1	tag	1421510812
106	298	done	1421510892
106	298	duration	1421513493
107	286	duration	1429472431
107	286	done	1429513304
107	286	tag	1429513846
107	285	done	1429513873
107	1	tag	1429601889
107	1	watch	1429944322
107	1	enter	1429944880
107	1	done	1429944889
108	290	done	1426684914
108	290	duration	1426684916
108	291	done	1427116440
108	291	tag	1427116760
108	292	done	1427679481
108	1	watch	1429621008
108	1	enter	1429621350
108	1	done	1429621362
108	294	duration	1429661889
108	1	tag	1429702838
108	294	done	1429702955
109	285	duration	1429995016
109	287	duration	1429997587
109	288	tag	1429997597
109	288	duration	1430000362
109	1	enter	1430018240
109	1	done	1430018254
109	1	tag	1430034006
109	285	done	1430034028
109	287	done	1430036564
109	288	done	1430039132
109	289	done	1430041904
110	287	duration	1429500188
110	285	done	1429543384
110	1	tag	1429543395
110	287	done	1429543403
111	286	duration	1427958225
111	294	done	1428024341
111	294	tag	1428028987
111	294	duration	1428030490
111	295	done	1428030499
111	290	duration	1428290863
111	290	tag	1428290865
111	330	done	1428300532
111	330	tag	1428303931
111	334	done	1428303940
111	334	duration	1428305169
111	334	tag	1428305170
111	290	done	1428319073
111	286	done	1428580872
111	289	done	1428999717
111	291	done	1429172615
111	291	duration	1429175478
111	288	done	1429181123
111	288	duration	1429184614
111	294	done	1429184621
111	290	done	1429264391
111	290	duration	1429267396
111	287	done	1429511402
111	287	tag	1429513724
111	296	done	1429514725
111	287	duration	1429558232
111	286	duration	1429560883
111	1	tag	1429596374
111	287	done	1429596391
111	286	done	1429599673
111	288	done	1429602336
111	1	watch	1429862735
111	1	enter	1429864173
111	1	done	1429864183
112	285	done	1428472984
112	285	duration	1428475488
112	287	duration	1428480526
112	286	done	1429059998
112	286	duration	1429063136
112	287	done	1429229303
112	1	enter	1429686378
112	292	done	1429751075
112	1	watch	1429765289
112	289	duration	1429813998
112	290	duration	1429817485
112	1	tag	1429852783
112	289	done	1429852808
112	290	done	1429855487
113	285	done	1428076317
113	285	tag	1428076322
113	285	duration	1428076324
113	286	done	1428237542
113	286	duration	1428237545
113	287	done	1428501593
113	287	duration	1428501597
113	288	tag	1428596552
113	288	done	1428596553
113	288	duration	1428596556
113	289	duration	1430007326
113	1	tag	1430048846
113	289	done	1430048854
114	1	tag	1429485679
114	1	watch	1429685267
114	1	enter	1429686672
114	1	done	1429686686
115	286	done	1427338601
115	287	done	1427338626
115	288	done	1427338646
115	289	done	1427338678
115	290	done	1427338700
115	291	done	1427338743
115	292	done	1427338773
115	293	done	1427342133
115	294	done	1427342141
115	295	done	1427342150
115	296	done	1427342158
115	297	done	1427342166
115	298	duration	1427342168
115	298	tag	1427342173
115	299	done	1427342188
115	299	duration	1427345344
115	300	done	1427345860
115	301	done	1427345864
115	302	done	1427345871
115	304	done	1427345887
115	305	done	1427345897
115	306	done	1427345965
115	306	duration	1427349433
115	308	done	1427349453
115	309	duration	1427349455
115	309	tag	1427349459
115	309	done	1427349470
115	310	done	1427349479
115	311	done	1427349488
115	312	duration	1427349491
115	312	tag	1427349494
115	312	done	1427349509
115	313	done	1427357191
115	314	done	1427357196
115	315	done	1427357208
115	316	done	1427357229
115	317	done	1427357238
115	318	done	1427357254
115	1	tag	1427360165
115	321	done	1427360187
115	322	done	1427360202
115	323	done	1427360211
115	324	done	1427360218
115	325	done	1427360231
115	326	done	1427360329
115	326	duration	1427364545
116	285	done	1426763777
116	286	done	1426854578
116	286	duration	1426857643
116	288	done	1426861050
116	288	duration	1426864071
116	290	done	1427021903
116	309	done	1427884861
116	316	done	1427895282
116	293	done	1428204403
116	293	duration	1428207007
116	308	done	1428207014
116	308	duration	1428210021
116	305	duration	1428250158
116	312	done	1428250171
116	291	done	1428668175
116	291	duration	1428670929
116	296	duration	1428674141
116	289	done	1428674147
116	289	duration	1428676701
116	292	done	1428676705
116	295	done	1429097482
116	295	duration	1429100088
116	296	done	1429100419
116	297	done	1429105836
116	301	tag	1429322425
116	299	done	1429361796
116	299	duration	1429364682
116	300	done	1429364689
116	301	done	1429369162
116	301	duration	1429372150
116	302	done	1429372155
116	1	watch	1429702334
116	1	enter	1429703042
116	1	done	1429703057
116	305	done	1429703173
116	306	done	1429710806
116	1	tag	1429714446
116	307	done	1429714457
117	1	watch	1429714719
117	1	enter	1429715590
117	1	done	1429715597
117	285	duration	1429752086
117	286	duration	1429755226
117	287	duration	1429757848
117	289	duration	1429760774
117	1	tag	1429790552
117	285	done	1429790560
117	286	done	1429793522
117	286	tag	1429795886
117	287	done	1429796657
117	289	done	1429799288
117	290	done	1429802205
117	290	tag	1429848232
118	1	tag	1429931499
118	285	done	1429931529
118	285	tag	1429934650
118	285	duration	1429935359
118	1	enter	1429940839
118	1	done	1429940857
119	1	watch	1429186972
119	1	enter	1429187118
119	1	done	1429187203
119	285	done	1429655768
119	291	duration	1429660198
119	293	duration	1429668213
119	286	done	1429670712
119	286	duration	1429675054
119	287	duration	1429677581
119	289	done	1429680829
119	293	done	1429706958
119	295	tag	1429740693
119	295	duration	1429743293
119	295	done	1429784736
119	300	done	1429787424
119	287	done	1429873315
119	294	done	1429999962
119	294	tag	1430001632
119	291	done	1430009900
119	296	done	1430036868
119	1	tag	1430047943
119	292	done	1430047976
119	290	done	1430047987
120	1	tag	1413251415
120	1	done	1414670900
120	299	done	1414713795
120	299	duration	1414713796
120	297	done	1414797897
120	298	duration	1414797907
120	298	done	1414797909
120	294	done	1414933685
120	295	duration	1414933696
120	295	done	1414933701
120	301	duration	1415012600
120	301	done	1415054046
120	303	done	1415054065
120	325	duration	1415243141
120	325	done	1415243144
120	326	duration	1415243154
120	326	done	1415243155
120	327	duration	1415243170
120	327	done	1415243172
120	290	duration	1415532000
120	296	duration	1415532046
120	334	done	1415625873
120	334	duration	1415625875
120	335	done	1415625886
120	307	duration	1415953894
120	308	done	1415953904
120	307	done	1417218807
120	309	done	1417218831
120	309	duration	1417218834
120	330	done	1417482603
120	330	duration	1417482627
120	333	done	1417482633
120	333	duration	1417482644
120	337	done	1417482652
120	338	done	1417482659
120	1	enter	1429665565
120	1	tag	1429678283
120	1	watch	1429679082
121	1	enter	1417268410
121	1	done	1417268469
121	1	watch	1419309679
121	1	tag	1419311322
122	1	enter	1414910230
122	1	done	1414910266
122	285	duration	1417184435
122	290	done	1417184458
122	290	duration	1417184458
122	286	tag	1417184493
122	289	duration	1417184545
122	294	duration	1417184566
122	293	duration	1417184581
122	286	done	1417357407
122	286	duration	1417357409
122	299	done	1417445376
122	299	duration	1417445410
122	298	done	1417445420
122	298	duration	1417448752
122	1	tag	1419334629
122	1	watch	1419339391
123	285	done	1414131587
123	286	done	1414135896
123	286	duration	1414135943
123	287	done	1414198115
123	288	done	1414201941
123	290	done	1414627233
123	291	done	1414630085
123	292	duration	1414633146
123	292	done	1414633171
123	1	watch	1416046962
123	1	done	1416361349
123	1	enter	1416361366
123	1	tag	1418691290
123	306	done	1418691302
123	306	duration	1418691852
123	1	watch	1419325691
124	1	enter	1417353259
124	1	done	1417353268
124	1	tag	1419337680
124	285	done	1419337700
124	285	duration	1419337943
124	285	tag	1419337945
124	1	watch	1419338203
124	1	watch	1419338288
125	1	watch	1415349356
125	1	enter	1415350734
125	1	done	1415350745
125	1	tag	1419255886
126	1	enter	1417308120
126	1	done	1417308140
126	286	duration	1417532335
126	287	duration	1417532345
126	288	done	1417532359
126	288	duration	1417532362
126	292	done	1417532401
126	285	done	1417908823
126	286	done	1417908833
126	287	done	1417908843
126	289	done	1417908857
126	290	done	1417908864
126	291	done	1417908874
126	293	done	1417908884
126	294	done	1417908893
126	303	done	1417908902
126	318	done	1417908911
126	327	done	1417908921
126	1	tag	1418320388
126	1	watch	1419387247
127	1	enter	1415351667
127	1	done	1415351677
127	1	tag	1417410247
127	1	watch	1419220839
128	336	done	1426669106
128	336	duration	1426669117
128	286	done	1427269073
128	286	duration	1427269229
128	338	done	1427273056
128	338	duration	1427273079
128	289	done	1427334069
128	289	duration	1427334151
128	1	tag	1427334646
128	285	done	1427334772
128	285	duration	1427336728
129	320	done	1426683502
129	331	done	1426683530
129	315	done	1426741314
129	328	done	1426741343
129	325	done	1426741350
129	326	done	1426741466
129	317	tag	1426856310
129	318	done	1426856350
129	318	tag	1426856354
129	336	tag	1426857943
129	337	tag	1426857949
129	316	tag	1426857997
129	311	tag	1427123212
129	313	done	1427123221
129	313	tag	1427123223
129	319	tag	1427123245
129	330	done	1427123249
129	330	tag	1427123251
129	338	tag	1427123267
129	285	tag	1427123476
129	286	tag	1427123482
129	287	tag	1427123491
129	288	tag	1427123499
129	289	tag	1427123508
129	290	tag	1427123519
129	291	tag	1427123527
129	292	tag	1427123534
129	293	tag	1427123542
129	294	tag	1427123554
129	295	tag	1427123562
129	296	tag	1427123569
129	297	tag	1427123577
129	298	done	1427123581
129	298	tag	1427123584
129	299	done	1427123588
129	299	tag	1427123591
129	300	done	1427123596
129	300	tag	1427123601
129	301	tag	1427123612
129	302	tag	1427123620
129	303	tag	1427123629
129	304	tag	1427123637
129	305	tag	1427123647
129	306	tag	1427123655
129	307	tag	1427123663
129	308	tag	1427123670
129	309	done	1427123674
129	309	tag	1427123678
129	310	done	1427123689
129	310	tag	1427123691
129	312	done	1427123696
129	312	tag	1427123700
129	321	done	1427123704
129	321	tag	1427123706
129	323	done	1427123718
129	323	tag	1427123720
129	301	duration	1427197154
129	301	done	1427197158
129	311	done	1427197175
129	316	done	1427197185
129	319	done	1427197202
129	329	done	1427197247
129	1	tag	1427267384
129	285	duration	1427267388
129	285	done	1427267391
129	286	duration	1427267396
129	286	done	1427267398
129	287	duration	1427267405
129	287	done	1427267407
129	288	duration	1427267411
129	288	done	1427267413
129	289	duration	1427267420
129	289	done	1427267422
129	290	duration	1427267429
129	290	done	1427267431
129	291	duration	1427267435
129	291	done	1427267436
129	292	duration	1427267444
129	292	done	1427267446
129	293	duration	1427267451
129	293	done	1427267453
129	294	duration	1427267457
129	294	done	1427267459
129	295	duration	1427267467
129	295	done	1427267469
129	296	duration	1427267478
129	296	done	1427267480
129	297	duration	1427267488
129	297	done	1427267495
129	302	duration	1427267502
129	302	done	1427267503
129	303	duration	1427267508
129	303	done	1427267510
129	304	duration	1427267516
129	304	done	1427267519
129	305	duration	1427267521
129	305	done	1427267524
129	306	duration	1427267534
129	306	done	1427267536
129	307	duration	1427267543
129	307	done	1427267545
129	308	done	1427267549
129	317	duration	1427267559
129	317	done	1427267561
129	322	duration	1427267566
129	322	done	1427267568
129	327	duration	1427267574
129	327	done	1427267576
129	338	duration	1427267607
129	338	done	1427267609
129	337	duration	1427267616
129	337	done	1427267618
129	336	duration	1427267626
129	336	done	1427267628
129	335	duration	1427267635
129	335	done	1427267636
129	334	duration	1427267643
129	334	done	1427267645
129	333	duration	1427267650
129	333	done	1427267652
129	332	duration	1427267659
129	332	done	1427267662
130	285	done	1427330879
130	1	tag	1428540824
130	286	done	1428540830
130	286	tag	1428540832
130	286	duration	1428540849
130	1	watch	1429778019
130	1	enter	1429778339
130	1	done	1429778377
131	1	enter	1414753070
131	1	done	1414753079
131	1	tag	1418988920
131	1	watch	1419582955
132	1	tag	1413066840
132	286	duration	1413810443
132	285	done	1413982559
132	1	enter	1414923530
132	1	done	1414923545
132	1	tag	1419256717
132	1	watch	1419256719
133	1	enter	1414841058
133	1	done	1414841087
133	1	tag	1419496094
133	1	watch	1419496100
134	1	tag	1411647178
134	285	done	1414317572
134	319	duration	1414322819
134	319	done	1414322824
134	285	duration	1415619775
134	286	duration	1415620235
134	1	enter	1415620243
134	1	done	1415620321
134	287	duration	1415620654
134	288	done	1415620726
134	288	tag	1415620732
134	288	duration	1415620733
134	305	done	1417325724
134	295	done	1417345083
134	295	duration	1417345087
134	297	done	1417347438
134	297	duration	1417347438
134	338	done	1417605220
134	337	duration	1417608290
134	337	done	1417608299
134	336	duration	1417611270
134	334	done	1417872925
134	334	duration	1417875255
134	333	done	1417875286
134	326	done	1418382056
134	304	done	1418386273
134	293	duration	1418425287
134	293	done	1418426335
134	296	duration	1418428610
134	296	done	1418428628
134	1	tag	1419044742
134	1	watch	1419044751
135	1	tag	1412431949
135	1	enter	1414392023
135	1	done	1414392034
135	287	done	1414993434
135	307	duration	1414993492
135	315	duration	1414993577
135	285	duration	1414993596
135	287	duration	1416575615
135	295	done	1416618015
135	298	done	1417588368
135	298	duration	1417590522
135	303	done	1417590532
135	303	duration	1417593430
135	1	tag	1418260040
135	299	done	1418260049
135	1	watch	1418956499
136	1	enter	1413266423
136	1	tag	1413267077
136	1	tag	1414114849
136	1	watch	1418733038
137	1	tag	1410360205
137	1	enter	1416152931
137	1	done	1416152994
137	1	watch	1419433217
138	1	tag	1409579094
138	1	tag	1412337941
138	297	done	1413723143
138	307	duration	1413724781
138	307	done	1413724781
138	1	enter	1414937189
138	1	done	1414937264
138	327	done	1417847316
138	301	done	1418458936
138	333	done	1418463137
138	318	done	1418463187
138	1	watch	1418732619
138	299	done	1419163433
138	299	duration	1419165852
138	294	duration	1419166177
138	310	duration	1419166813
138	326	duration	1419167082
138	1	tag	1420292499
138	298	done	1420292551
138	298	duration	1420293908
139	1	tag	1416028153
139	1	enter	1416030239
139	1	done	1416030440
139	1	watch	1419256934
140	293	done	1413851752
140	294	done	1413851905
140	295	done	1413856482
140	295	duration	1413856482
140	299	duration	1413944726
140	1	enter	1413945121
140	1	done	1413945140
140	301	tag	1413949350
140	290	done	1414370616
140	293	duration	1414456609
140	308	duration	1415243503
140	297	duration	1415402047
140	297	done	1415402049
140	305	duration	1415422819
140	305	done	1415422821
140	325	duration	1415440366
140	330	duration	1415444106
140	306	done	1416525689
140	301	duration	1416547801
140	301	done	1416547802
140	302	done	1416551037
140	302	duration	1416551038
140	303	duration	1416556025
140	303	done	1416556025
140	311	done	1416609333
140	316	done	1416612896
140	316	duration	1416612903
140	1	tag	1416701512
140	318	done	1416701529
140	318	duration	1416701571
140	1	watch	1419584902
141	1	tag	1409618586
141	1	enter	1416734378
141	1	done	1416734385
141	288	duration	1417332982
141	288	done	1417443179
141	304	done	1417445241
141	304	duration	1417446281
141	295	done	1417446553
141	295	duration	1417447350
141	297	done	1417448342
141	297	duration	1417448400
141	1	watch	1419346702
141	290	duration	1419350320
141	290	done	1419753644
141	286	done	1419763466
141	292	duration	1419775130
141	292	done	1420192602
141	1	tag	1420379183
141	1	duration	1420380162
141	1	tag	1420889880
141	287	tag	1420893405
141	287	done	1420901078
141	287	duration	1420902608
142	1	enter	1416382617
142	1	done	1416382661
142	1	tag	1419478254
142	1	watch	1419478290
143	1	tag	1412420507
143	1	done	1414414622
143	1	enter	1414414638
143	286	duration	1415098136
143	286	done	1415098139
143	1	tag	1416136556
143	1	watch	1417521417
144	1	tag	1416225474
144	1	enter	1416227305
144	1	done	1416227330
144	1	watch	1419232338
145	1	tag	1411654076
145	1	enter	1414918093
145	1	done	1414918101
145	1	watch	1417526149
146	301	done	1427098627
146	301	tag	1427099306
146	301	duration	1427101223
146	304	done	1427101236
146	329	done	1427550428
146	329	tag	1427551557
146	329	duration	1427553090
146	295	done	1428406302
146	295	tag	1428406983
146	295	duration	1428408945
146	297	done	1428815104
146	297	tag	1428815983
146	297	duration	1428817962
146	299	tag	1428818140
146	302	done	1428818185
146	302	tag	1428820282
146	302	duration	1428820726
146	308	done	1428820750
146	308	duration	1428824019
146	324	done	1428826311
146	324	tag	1428827567
146	1	enter	1429107026
146	1	watch	1429107396
146	298	done	1429155711
146	298	tag	1429158169
146	298	duration	1429158322
146	303	done	1429158787
146	303	tag	1429159862
146	303	duration	1429162084
146	313	tag	1429162104
146	313	done	1429164370
146	313	duration	1429167037
146	322	done	1429167049
146	322	tag	1429168276
146	322	duration	1429169555
146	334	done	1429169697
146	334	tag	1429172054
146	334	duration	1429172198
146	338	done	1429172209
146	338	tag	1429173805
146	338	duration	1429174744
146	1	tag	1429425468
147	1	tag	1413205015
147	1	tag	1413205042
147	1	tag	1413205062
147	1	enter	1415586302
147	1	done	1415586335
147	1	watch	1419598292
148	1	watch	1430026213
148	1	enter	1430029754
148	1	done	1430029768
148	1	tag	1430030663
148	285	done	1430030678
149	1	tag	1411776893
149	1	tag	1411776896
149	1	tag	1411776898
149	1	enter	1415084785
149	1	done	1415084803
149	285	done	1415198226
149	285	duration	1415198227
149	297	done	1415447964
149	297	duration	1415447966
149	298	duration	1415455793
149	298	done	1415455799
149	301	duration	1415510093
149	303	duration	1415519178
149	303	done	1415519181
149	304	duration	1415535662
149	304	done	1415535662
149	315	duration	1415714294
149	315	done	1415714296
149	318	duration	1415717138
149	318	done	1415717139
149	323	tag	1415795384
149	323	duration	1415795385
149	327	duration	1415799604
149	331	duration	1415881745
149	1	tag	1419602665
149	1	watch	1419602669
150	285	duration	1415108176
150	1	enter	1416225852
150	1	done	1416225907
150	289	duration	1416634067
150	295	done	1417934086
150	305	done	1418353785
150	285	done	1418699223
150	1	watch	1418699667
150	290	duration	1418710163
150	291	done	1419255831
150	291	duration	1419258796
150	1	tag	1419263543
150	296	done	1419263556
151	1	enter	1413944091
151	1	done	1413944100
151	1	watch	1418634555
151	1	tag	1422672633
151	285	tag	1422672706
151	285	duration	1422673683
151	285	done	1422673688
152	1	watch	1429337651
152	1	tag	1429337796
152	1	enter	1429339741
152	1	done	1429339748
152	285	tag	1429339840
152	285	done	1429339840
152	285	duration	1429339847
153	1	watch	1429084876
153	1	tag	1429087583
153	1	enter	1429087638
153	1	done	1429087641
154	288	done	1428398488
154	288	duration	1428398504
154	285	done	1429144297
154	285	duration	1429144306
154	287	done	1429169741
154	287	duration	1429171026
154	1	tag	1429329973
154	286	done	1429330002
154	286	duration	1429332825
154	1	enter	1429856701
154	1	watch	1429856761
155	1	watch	1429534014
155	1	enter	1429534272
155	1	done	1429534280
155	1	tag	1429534303
156	285	done	1426730978
156	286	done	1427100611
156	285	duration	1427873813
156	1	watch	1429767498
156	1	tag	1429773116
156	1	enter	1429880899
156	1	done	1429880905
157	1	done	1427689015
157	1	tag	1427689141
157	1	duration	1427693914
157	288	duration	1428143637
157	288	done	1428143639
157	285	tag	1428230070
157	286	tag	1428234115
157	286	duration	1428243577
157	286	done	1428243580
157	314	duration	1428243585
157	314	done	1428243588
157	323	duration	1428244323
157	323	done	1428244328
157	290	done	1428279519
157	290	duration	1428282591
157	287	done	1428282601
157	287	duration	1428285355
157	309	done	1428542093
157	338	duration	1428543350
157	338	done	1428543357
157	289	duration	1428543622
157	289	done	1428543627
157	1	tag	1428570873
157	285	duration	1428579042
157	285	done	1428579064
157	1	watch	1429501167
157	1	enter	1429504836
157	1	done	1429504850
158	1	tag	1428628694
158	285	duration	1428629591
158	1	watch	1429086684
158	1	enter	1429093460
158	1	done	1429093483
159	1	tag	1410310981
159	1	tag	1410772913
159	1	done	1415154189
159	1	enter	1429081372
159	1	watch	1429081534
160	1	enter	1415604100
160	1	done	1415604107
160	285	done	1415608071
160	285	duration	1415608075
160	1	tag	1416534619
160	1	watch	1419388799
161	1	tag	1413278297
161	1	enter	1413963118
161	1	done	1413963125
161	295	done	1413965872
161	296	done	1415239397
161	297	duration	1415245113
161	298	duration	1415256610
161	299	done	1415259280
161	299	duration	1415259280
161	290	duration	1416225394
161	338	tag	1416920436
161	338	done	1416920449
161	338	duration	1416920451
161	304	done	1418125065
161	304	duration	1418128415
161	311	done	1418131094
161	311	duration	1418132222
161	313	done	1418359956
161	319	done	1418802360
161	1	watch	1419566508
161	1	tag	1420510801
161	294	done	1420510813
161	294	duration	1420514216
162	1	tag	1413197039
162	1	enter	1414682180
162	1	done	1414682184
162	289	done	1416500023
162	289	duration	1416500024
162	290	done	1416500029
162	290	duration	1416500032
162	291	done	1416500037
162	291	duration	1416500041
162	292	done	1416500045
162	292	duration	1416500046
162	338	done	1416500056
162	338	duration	1416500061
162	1	watch	1417676769
162	301	done	1428253052
162	1	tag	1428319631
163	285	duration	1428828119
163	285	done	1428828283
163	1	tag	1428828293
163	292	duration	1428828304
163	292	done	1428828313
164	1	enter	1417444616
164	1	done	1417444630
164	1	tag	1419581764
164	1	watch	1419651333
165	1	enter	1415006068
165	1	done	1415006077
165	1	tag	1419485970
165	1	watch	1419485973
166	1	tag	1416575122
166	285	done	1416575158
166	1	enter	1416576274
166	1	done	1416576287
166	1	watch	1419397682
167	1	tag	1413339613
167	1	enter	1429077535
167	1	tag	1429077639
167	1	watch	1429077641
168	1	enter	1416314743
168	1	done	1416314781
168	1	tag	1418633126
168	1	watch	1418633131
169	1	enter	1429147342
169	285	done	1429249713
169	286	done	1429258889
169	307	duration	1429555803
169	299	done	1429580532
169	294	done	1429583196
169	299	duration	1429584948
169	294	duration	1429587655
169	307	done	1429594477
169	318	duration	1429732834
169	311	done	1429754757
169	315	done	1429768251
169	318	done	1429771775
169	1	tag	1429836106
169	308	done	1429836119
169	308	duration	1429841046
169	336	done	1429842418
169	336	duration	1429844075
170	290	done	1427438217
170	291	done	1427438292
170	1	tag	1429836998
170	285	done	1429837021
170	285	tag	1429838838
171	286	done	1427729429
171	287	duration	1427729443
171	287	done	1427729447
171	288	done	1427729453
171	289	duration	1427729459
171	289	done	1427729462
171	290	duration	1427729465
171	290	done	1427729468
171	292	done	1427729482
171	292	duration	1427729496
171	1	tag	1428925390
171	291	done	1428925409
171	291	tag	1428926154
171	291	duration	1428928158
171	294	done	1428928173
171	294	tag	1428930847
171	294	duration	1428930913
171	295	done	1428931042
171	295	duration	1428933614
171	1	watch	1429531412
171	1	enter	1429535058
171	1	done	1429535071
172	1	enter	1416280030
172	1	done	1416280039
172	1	watch	1420831334
172	335	done	1422931334
172	335	tag	1422931335
172	1	tag	1424843804
173	292	done	1427819321
173	291	done	1427819332
173	287	done	1427819379
173	298	duration	1428150469
173	300	done	1428150483
173	300	tag	1428152041
173	289	done	1428420337
173	289	duration	1428422367
173	290	done	1428422380
173	290	duration	1428425136
173	315	done	1428485943
173	288	done	1428492719
173	288	duration	1428495473
173	302	duration	1428499071
173	338	done	1428507596
173	338	duration	1428510093
173	285	done	1428594355
173	285	duration	1428596925
173	286	done	1428596939
173	286	duration	1428597293
173	296	done	1428933702
173	296	duration	1428936973
173	297	tag	1428937583
173	301	done	1429002723
173	302	done	1429020453
173	1	enter	1429097345
173	309	done	1429187851
173	309	tag	1429188489
173	309	duration	1429190263
173	310	done	1429190292
173	310	duration	1429193038
173	313	done	1429193057
173	313	duration	1429195761
173	314	done	1429195776
173	314	duration	1429198310
173	305	done	1429350483
173	305	duration	1429353158
173	306	done	1429353192
173	306	duration	1429357360
173	307	done	1429357386
173	293	duration	1429569897
173	294	duration	1429578387
173	295	duration	1429582513
173	293	done	1429608642
173	294	done	1429616681
173	295	done	1429621314
173	297	done	1429623962
173	1	tag	1429719040
173	325	done	1429719054
174	285	tag	1429491551
174	285	duration	1429491715
174	286	duration	1429494301
174	286	done	1429494305
174	287	done	1429497605
174	285	done	1429569923
174	288	done	1429573311
174	288	tag	1429575778
174	289	done	1429669496
174	1	watch	1429669557
174	290	done	1429669822
174	289	duration	1429671450
174	290	done	1429923824
174	293	done	1429926698
174	293	duration	1429931002
174	294	duration	1429935620
174	1	enter	1430008618
174	1	done	1430008631
174	1	tag	1430021666
174	294	done	1430021679
175	1	enter	1416031412
175	1	done	1416031434
175	286	duration	1416290284
175	286	done	1416290284
175	285	duration	1416290581
175	285	tag	1416290583
175	293	done	1416307328
175	293	duration	1416307329
175	302	duration	1416467150
175	302	done	1416467151
175	303	done	1416472015
175	311	done	1416478784
175	285	done	1416482589
175	299	duration	1416532760
175	294	duration	1416537005
175	294	done	1416537005
175	1	watch	1417066920
175	291	done	1417067188
175	291	duration	1417067189
175	1	tag	1417073187
175	298	done	1417073194
176	1	done	1413975142
176	1	enter	1413975210
176	297	done	1414212239
176	297	duration	1414212240
176	308	done	1414216705
176	308	duration	1414216707
176	285	done	1414400568
176	285	duration	1414400569
176	296	duration	1414403839
176	295	duration	1414410308
176	1	tag	1414579166
176	299	done	1414579170
176	1	watch	1417920343
176	1	watch	1419564888
177	1	watch	1417010718
177	1	enter	1417011012
177	1	done	1417011095
177	1	tag	1417611581
177	285	duration	1417614645
177	285	done	1417614648
177	287	duration	1417619010
177	287	done	1417619021
177	1	watch	1417954164
177	1	done	1417954177
178	297	duration	1427352811
178	285	done	1427352866
178	285	duration	1427353800
178	298	done	1427354270
178	298	duration	1427354596
178	299	done	1427354624
178	299	duration	1427355058
178	300	done	1427355079
178	300	duration	1427355334
178	301	done	1427443278
178	301	duration	1427443791
178	302	done	1427443874
178	302	tag	1427444014
178	304	done	1427694872
178	304	duration	1427695881
178	305	done	1427695946
178	305	duration	1427698614
178	307	done	1427767113
178	307	duration	1427768042
178	308	done	1427770349
178	308	duration	1427770830
178	313	done	1427784150
178	313	duration	1427784156
178	289	done	1427784187
178	315	done	1427787833
178	315	duration	1427790387
178	316	done	1427790407
178	316	duration	1427792845
178	323	done	1428022331
178	323	duration	1428022581
178	325	done	1428023232
178	325	duration	1428023303
178	326	done	1428023707
178	326	duration	1428023951
178	333	done	1428024877
178	333	tag	1428025328
178	333	duration	1428025332
178	334	done	1428025343
178	334	duration	1428025581
178	335	done	1428373740
178	335	duration	1428374355
178	336	done	1428374643
178	336	duration	1428374727
178	337	done	1428391984
178	337	duration	1428392058
178	338	done	1428392411
178	338	duration	1428392514
178	292	done	1428392537
178	292	duration	1428392544
178	327	done	1428392553
178	327	duration	1428392701
178	303	done	1428392709
178	303	duration	1428392714
178	296	done	1428455189
178	296	duration	1428455238
178	311	done	1428455468
178	311	duration	1428455583
178	324	done	1428455591
178	324	duration	1428455599
178	306	done	1428455613
178	306	duration	1428455722
178	314	done	1428455739
178	314	duration	1428455859
178	310	done	1428455877
178	310	duration	1428455911
178	322	done	1428455927
178	322	duration	1428455982
178	1	tag	1428455988
178	312	done	1428455996
178	312	duration	1428456034
178	1	enter	1429594665
179	1	tag	1411602001
179	1	tag	1414649004
179	1	watch	1414741563
179	1	done	1415869950
179	1	enter	1429164439
180	1	tag	1412461794
180	1	tag	1412565332
180	1	tag	1412565365
180	1	enter	1413937857
180	1	done	1413937871
180	286	done	1413937910
180	286	duration	1413937910
180	287	duration	1413951211
180	288	done	1413952143
180	288	duration	1413952144
180	293	done	1413975628
180	294	tag	1413976697
180	294	done	1413976714
180	294	duration	1413976714
180	303	done	1414063720
180	303	duration	1414063721
180	301	done	1414106076
180	301	duration	1414106079
180	305	duration	1414125890
180	305	done	1414125890
180	306	done	1414126619
180	306	duration	1414126622
180	307	done	1414127381
180	304	duration	1414235649
180	304	done	1414235651
180	309	done	1414242386
180	317	duration	1414328611
180	317	done	1414328611
180	318	done	1414329342
180	319	done	1414331146
180	319	duration	1414331148
180	329	duration	1414385235
180	331	done	1414387486
180	331	duration	1414387488
180	332	done	1414388529
180	332	duration	1414388529
180	335	done	1414390594
180	337	duration	1414661149
180	337	done	1414661149
180	335	duration	1414840614
180	1	tag	1418532912
180	1	watch	1418555895
181	1	tag	1413299977
181	1	watch	1413979946
181	1	enter	1413982260
181	1	done	1413982272
181	1	tag	1427464572
182	1	watch	1414486597
182	1	enter	1414486749
182	1	done	1414486757
182	1	tag	1414487194
182	286	duration	1414487201
182	289	duration	1414487212
182	289	done	1414487214
183	286	duration	1414464220
183	288	done	1414464224
183	1	tag	1414464614
183	1	watch	1414464620
183	1	enter	1414464835
183	1	done	1414464845
184	1	enter	1414484172
184	1	done	1414484180
184	1	tag	1414484978
184	286	duration	1414484985
184	287	duration	1414484986
184	290	duration	1414484993
184	291	done	1414485004
184	291	duration	1414485005
184	1	watch	1419228520
185	1	enter	1416453546
185	1	done	1416453587
185	1	tag	1418623089
185	1	watch	1418966139
186	286	done	1427274468
186	286	duration	1427274899
186	324	done	1428552461
186	324	duration	1428555531
186	298	done	1428638986
186	288	done	1428997550
186	288	duration	1428998481
186	303	done	1429075883
186	293	done	1429243620
186	293	duration	1429246365
186	296	done	1429251148
186	334	done	1429678001
186	334	duration	1429680493
186	1	tag	1429867627
186	291	done	1429867637
186	291	duration	1429868848
187	1	enter	1413254455
187	1	done	1413254464
187	1	tag	1413277403
187	333	duration	1413706084
187	333	done	1413706084
187	326	duration	1413708719
187	326	done	1413708721
187	325	done	1413964857
187	325	duration	1413964857
187	309	done	1414035703
187	330	duration	1414301012
187	330	done	1414301023
187	331	done	1414303722
187	332	done	1414306568
187	332	duration	1414306568
187	297	duration	1416472004
187	297	done	1416472006
187	298	duration	1416475100
187	298	done	1416475100
187	1	watch	1419327699
187	299	duration	1420696083
187	334	duration	1421227698
187	336	duration	1421227786
187	337	duration	1421227833
187	338	duration	1421227884
187	1	tag	1421566282
187	317	tag	1421566310
187	317	duration	1421566867
188	1	enter	1415968706
188	1	done	1415968712
188	1	tag	1419592255
188	1	watch	1419592264
189	293	done	1426907304
189	293	duration	1426907318
189	295	done	1427104561
189	295	duration	1427104732
189	296	done	1427104741
189	296	duration	1427104904
189	297	done	1427104914
189	297	duration	1427105142
189	298	tag	1427105338
189	298	duration	1427105368
189	298	done	1427105378
189	289	done	1427106614
189	289	duration	1427106716
189	291	done	1427196398
189	291	duration	1427196547
189	292	done	1427196557
189	292	duration	1427196781
189	313	tag	1427196926
189	294	done	1427197322
189	294	duration	1427197590
189	315	done	1427197596
189	315	duration	1427197781
189	316	done	1427197791
189	316	duration	1427198039
189	288	done	1427198046
189	288	duration	1427198341
189	306	done	1427198349
189	306	duration	1427198505
189	308	done	1427198513
189	308	duration	1427198956
189	307	done	1428217825
189	307	duration	1428219777
189	314	tag	1428221627
189	302	done	1428221662
189	302	duration	1428221677
189	299	done	1428221686
189	299	duration	1428221868
189	314	done	1428222991
189	314	duration	1428223113
189	305	done	1428223120
189	305	duration	1428223203
189	327	done	1428223753
189	327	duration	1428223942
189	334	done	1428224152
189	334	duration	1428224492
189	322	done	1428224504
189	322	duration	1428224756
189	301	done	1428287667
189	301	duration	1428287787
189	300	done	1428287802
189	300	tag	1428289657
189	300	duration	1428290320
189	319	done	1428290649
189	319	duration	1428290884
189	320	done	1428290890
189	320	duration	1428293258
189	328	done	1428293277
189	328	duration	1428294111
189	290	done	1429184344
189	290	tag	1429186484
189	290	duration	1429186488
189	313	done	1429424537
189	313	duration	1429424547
189	1	tag	1429424601
189	303	done	1429424618
189	303	duration	1429425040
189	309	done	1429425052
189	309	duration	1429425221
189	310	done	1429425397
189	310	duration	1429425402
189	311	done	1429425417
189	311	duration	1429425882
189	317	done	1429426064
189	317	duration	1429426348
189	324	done	1429426615
189	324	duration	1429427196
189	323	done	1429427205
189	323	tag	1429427344
189	323	duration	1429427349
189	333	done	1429427520
189	333	duration	1429427655
189	329	done	1429427664
189	329	duration	1429427968
189	1	watch	1429783171
189	1	enter	1429784017
189	1	done	1429784024
190	1	watch	1410224633
190	1	enter	1414485733
190	1	done	1414485768
190	1	tag	1421412575
190	1	watch	1421412578
191	1	enter	1415062823
191	1	done	1415062829
191	286	done	1419236183
191	286	tag	1419236661
191	286	duration	1419236686
191	1	tag	1421066656
191	1	watch	1421066675
192	1	enter	1417071129
192	1	done	1417071199
192	1	tag	1420598425
192	1	watch	1421469969
193	1	tag	1429699000
193	1	watch	1429699004
193	1	enter	1429709194
193	1	done	1429709213
194	1	watch	1414235388
194	1	watch	1429658888
194	1	enter	1429659422
194	1	done	1429659435
195	1	tag	1419592887
195	285	done	1419592976
195	285	duration	1419595475
195	286	done	1419595511
195	286	duration	1419597596
196	1	enter	1415927115
196	1	done	1415927127
196	1	tag	1420785408
196	1	watch	1420786033
197	1	tag	1420528656
197	285	duration	1420528665
197	285	tag	1420528670
197	286	done	1420528790
197	287	done	1420528850
198	286	done	1427947402
198	286	duration	1427949994
198	285	done	1427976861
198	285	tag	1427978439
198	285	duration	1427981126
198	287	done	1428312416
198	288	done	1428324170
198	288	duration	1428326902
198	288	tag	1428326904
198	289	done	1428326944
198	289	tag	1428328753
198	289	duration	1428329021
198	290	done	1428407437
198	290	tag	1428409774
198	290	duration	1428410196
198	291	done	1428410240
198	291	duration	1428412923
198	292	done	1428646736
198	293	done	1428817028
198	293	duration	1428820034
198	294	done	1428820059
198	294	duration	1428823154
198	295	done	1428823181
198	295	duration	1428825038
198	296	done	1428828447
198	296	duration	1428831214
198	297	done	1428832154
198	1	tag	1429014982
198	1	enter	1429183964
198	1	watch	1429184390
199	1	watch	1416469116
199	1	enter	1416470358
199	1	done	1416470363
199	1	tag	1417336181
200	286	done	1428403271
200	286	tag	1428403324
200	286	duration	1428403344
200	289	done	1428403482
200	289	duration	1428404596
200	1	tag	1428483392
200	299	done	1428483411
200	299	duration	1428486062
200	297	done	1428486072
200	297	duration	1428488484
200	1	enter	1429091746
201	302	done	1429263107
201	302	duration	1429263111
201	1	enter	1429263288
201	1	watch	1429263471
201	288	done	1429516885
201	293	done	1429516908
201	298	done	1429516913
201	300	done	1429516919
201	301	done	1429516926
201	308	duration	1429652182
201	294	duration	1429658104
201	308	done	1429693088
201	294	done	1429699026
201	286	duration	1429811909
201	287	duration	1429812086
201	287	done	1429853453
201	289	duration	1429897490
201	290	duration	1429900975
201	292	duration	1429904556
201	306	duration	1429913055
201	285	done	1429931367
201	286	done	1429935328
201	289	done	1429936401
201	285	duration	1429937001
201	290	done	1429939015
201	292	done	1429942500
201	1	tag	1429946035
201	306	done	1429946078
202	289	done	1414640142
202	1	enter	1414671597
202	1	done	1414671610
202	289	duration	1414888641
202	292	tag	1415327008
202	287	duration	1416401055
202	287	done	1416401056
202	288	done	1416401698
202	313	done	1417868098
202	313	duration	1417868428
202	286	done	1417868434
202	286	duration	1417869116
202	314	done	1417869120
202	314	duration	1417869530
202	315	done	1417869773
202	315	duration	1417870184
202	316	done	1417870192
202	316	duration	1417870759
202	319	done	1417870781
202	319	duration	1417871223
202	320	done	1417871233
202	320	duration	1417872173
202	321	done	1417872187
202	321	duration	1417872670
202	322	done	1417872679
202	1	watch	1417955438
202	291	done	1418448585
202	291	duration	1418451108
202	292	duration	1419077456
202	292	done	1419077462
202	293	done	1419080038
202	293	duration	1419081423
202	295	done	1419510271
202	295	duration	1419512489
202	296	done	1419512499
202	1	tag	1421155341
202	303	done	1421155367
203	1	enter	1417172067
203	1	tag	1417172162
203	286	done	1417172170
203	1	watch	1418308825
204	1	tag	1410057497
204	1	done	1416973047
204	1	enter	1416973080
204	1	watch	1418191657
205	294	tag	1426773888
205	294	duration	1426775090
205	295	duration	1427115734
205	293	done	1427117879
205	293	tag	1427119918
205	293	duration	1427120563
205	1	tag	1428724519
205	290	done	1428725572
205	290	tag	1428725589
205	290	duration	1428725593
206	1	enter	1416974439
206	1	done	1416974448
206	306	tag	1417497228
206	306	duration	1417497416
206	1	tag	1417497439
206	294	done	1417497445
206	294	duration	1417500892
206	291	done	1417500900
206	291	duration	1417503674
206	1	watch	1419604809
207	285	done	1426936130
207	285	duration	1426937698
207	286	done	1426937710
207	286	tag	1426938358
207	286	duration	1426938361
207	287	done	1427111273
207	287	duration	1427113293
207	1	done	1427288491
207	1	duration	1427289776
207	292	done	1427628277
207	292	duration	1427629201
207	304	done	1427895255
207	304	duration	1427896005
207	296	done	1427896136
207	296	duration	1427896141
207	305	done	1427896147
207	305	duration	1427896157
207	306	done	1427896164
207	306	duration	1427896599
207	300	done	1428496998
207	300	duration	1428497996
207	311	duration	1429923631
207	312	duration	1429925800
207	1	tag	1429964527
207	311	done	1429964558
207	312	done	1429965259
207	1	watch	1429968315
207	1	enter	1429968658
207	1	done	1429968696
208	285	duration	1413990053
208	288	done	1414028301
208	288	duration	1414028303
208	287	duration	1414029383
208	287	done	1414029384
208	293	done	1414466245
208	298	done	1414545501
208	298	duration	1414545509
208	295	done	1414589434
208	295	duration	1414589435
208	1	done	1415012772
208	1	watch	1417517216
208	291	done	1418133170
208	291	duration	1418134384
208	1	tag	1418218726
208	302	done	1418218741
208	302	duration	1418221216
208	1	enter	1429083415
209	285	tag	1429913604
209	285	duration	1429913609
209	286	tag	1429914899
209	286	duration	1429916064
209	287	tag	1429918500
209	287	duration	1429918505
209	1	tag	1429952842
209	285	done	1429952851
209	286	done	1429955154
209	287	done	1429957611
210	1	enter	1415535946
210	1	done	1415535960
210	287	duration	1418796341
210	290	duration	1418988543
210	303	duration	1419309970
210	308	duration	1419309985
210	295	duration	1419355910
210	296	duration	1419355922
210	285	duration	1419393335
210	295	done	1419393446
210	1	watch	1419492463
210	338	duration	1419631334
210	330	done	1419631342
210	303	done	1419741677
210	311	done	1419741719
210	311	duration	1419745175
210	319	done	1419746132
210	302	done	1419811720
210	338	done	1419845939
210	286	done	1419939255
210	287	done	1419939265
210	292	done	1419939275
210	290	done	1419939287
210	289	done	1419939294
210	285	done	1419939301
210	296	done	1419939310
210	297	done	1419939330
210	304	done	1419939340
210	315	done	1419939366
210	299	done	1419941530
210	293	done	1420003105
210	334	done	1420026074
210	335	done	1420027298
210	312	done	1420125711
210	312	duration	1420128212
210	310	done	1420128243
210	1	tag	1420169344
210	291	done	1420169357
211	1	watch	1415186974
211	1	enter	1415607198
211	1	done	1415607207
211	290	done	1415841892
211	1	tag	1416191695
212	286	done	1427076343
212	286	duration	1427079168
212	287	done	1427079181
212	287	duration	1427081254
212	290	done	1427098876
212	290	duration	1427102119
212	291	duration	1427103229
212	291	done	1427329087
212	335	done	1427332679
212	335	duration	1427336676
212	293	duration	1427339408
212	293	done	1427339430
212	296	done	1427350283
212	294	done	1427438460
212	294	duration	1427441606
212	297	done	1427441619
212	297	tag	1427442522
212	297	duration	1427445553
212	299	done	1427445597
212	299	tag	1427446019
212	298	done	1427768937
212	301	done	1427875410
212	301	tag	1427875778
212	302	done	1427934156
212	302	duration	1427937965
212	315	done	1427938070
212	285	done	1428366521
212	285	duration	1428369216
212	288	done	1428452633
212	288	duration	1428455901
212	289	done	1428455919
212	289	duration	1428458889
212	305	done	1428538727
212	305	tag	1428539680
212	305	duration	1428543425
212	306	done	1428543509
212	306	duration	1428546078
212	307	done	1428627148
212	307	duration	1428629982
212	1	tag	1428677794
212	309	done	1428677805
212	309	duration	1428680464
212	1	enter	1429435119
212	1	watch	1429435218
213	293	done	1426728004
213	309	done	1426764876
213	309	duration	1426767227
213	285	done	1426777191
213	285	tag	1426777201
213	285	duration	1426777211
213	296	done	1427108580
213	297	done	1427112917
213	297	duration	1427115380
213	304	done	1427195800
213	304	duration	1427195813
213	288	done	1427195829
213	288	duration	1427197515
213	287	done	1427211860
213	287	duration	1427211997
213	300	done	1427813866
213	300	duration	1427816647
213	299	done	1428566285
213	299	duration	1428569465
213	291	done	1428585126
213	291	duration	1428585228
213	328	done	1428662964
213	328	duration	1428666343
213	332	done	1429021310
213	332	duration	1429022850
213	294	done	1429630429
213	294	duration	1429677904
213	1	watch	1429707278
213	1	enter	1429707892
213	1	done	1429707906
213	290	duration	1429752202
213	307	duration	1429753550
213	290	done	1429793483
213	290	tag	1429793607
213	307	done	1429793618
213	303	duration	1429912952
213	1	tag	1429952332
213	303	done	1429952341
214	285	done	1429001382
214	286	done	1429003978
214	286	tag	1429006544
214	286	duration	1429006558
214	287	done	1429006580
214	287	tag	1429008971
214	287	duration	1429009099
214	1	tag	1429421331
214	289	done	1429421344
214	289	duration	1429423893
214	290	done	1429423910
214	290	duration	1429426671
214	291	done	1429426690
214	1	watch	1429616397
215	1	tag	1414554491
215	1	enter	1414555973
215	1	done	1414555980
215	1	watch	1419242689
216	285	duration	1413982576
216	286	duration	1413985186
216	288	duration	1414072344
216	289	duration	1414151523
216	290	duration	1414154254
216	291	duration	1414157255
216	291	done	1414157261
216	293	tag	1414287833
216	292	done	1414287875
216	292	duration	1414287876
216	293	done	1414289131
216	293	duration	1414327839
216	296	done	1414336053
216	297	duration	1414504606
216	297	done	1414504606
216	299	done	1414584116
216	299	duration	1414672704
216	300	tag	1414672867
216	300	duration	1414672868
216	302	done	1414852999
216	304	duration	1414923541
216	304	done	1414947523
216	305	done	1414950051
216	306	done	1414952721
216	307	done	1415022489
216	307	duration	1415022489
216	308	done	1415190388
216	308	duration	1415190389
216	1	watch	1415438559
216	309	duration	1415626793
216	309	done	1415626793
216	1	enter	1416233780
216	1	done	1416233791
216	301	duration	1416322667
216	302	duration	1416322717
216	301	done	1417357974
216	303	duration	1417358545
216	321	duration	1417696940
216	321	done	1417696946
216	325	done	1417698496
216	325	duration	1417701189
216	322	done	1417871217
216	322	duration	1417873946
216	323	done	1417873964
216	323	duration	1417876352
216	324	done	1417877645
216	324	duration	1417878188
216	287	done	1417932367
216	287	tag	1417932384
216	287	duration	1417932387
216	314	done	1417932994
216	314	duration	1417933258
216	316	done	1417933277
216	316	duration	1417934350
216	317	done	1417934365
216	317	duration	1417937847
216	319	done	1417937859
216	294	done	1417964931
216	294	duration	1417965217
216	295	done	1418131868
216	295	duration	1418132295
216	1	tag	1418735148
216	338	done	1418735289
216	338	duration	1418737786
217	1	tag	1411973881
217	285	done	1413891927
217	1	enter	1413894186
217	1	done	1413894207
217	1	tag	1419229881
217	1	watch	1419594295
218	286	tag	1416669247
218	286	duration	1416669248
218	286	done	1416669248
218	287	done	1416669691
218	1	enter	1416670259
218	1	done	1416670282
218	289	done	1416724650
218	293	done	1416726612
218	295	duration	1416734801
218	295	done	1416734802
218	293	duration	1416754599
218	298	duration	1417011719
218	299	duration	1417013139
218	301	duration	1417013606
218	301	done	1417013606
218	1	watch	1417827252
218	1	tag	1418225606
218	297	done	1418225614
218	297	duration	1418228100
219	1	tag	1411123809
219	1	tag	1411123829
219	286	duration	1414804798
219	287	duration	1414883753
219	292	duration	1414883763
219	1	watch	1415015854
219	290	tag	1415028545
219	290	duration	1415106348
219	1	enter	1415356812
219	1	done	1415356835
219	290	done	1415366284
219	299	duration	1415498436
219	303	duration	1415618377
219	303	done	1415618378
219	304	done	1415620016
219	304	duration	1415620017
219	305	duration	1415961580
219	305	done	1416017754
219	294	duration	1417095898
219	289	done	1417276185
219	307	done	1417873524
219	307	duration	1417876386
219	308	done	1417876397
219	308	duration	1417876682
219	311	done	1417920687
219	1	watch	1418034549
219	318	done	1418037611
219	319	done	1418041733
219	319	duration	1418044181
219	323	done	1418222525
219	338	duration	1418396848
219	338	done	1418396852
219	336	done	1418524751
219	334	done	1418532314
219	333	done	1418534690
219	333	duration	1418536588
219	1	tag	1418646779
219	330	duration	1418646790
219	330	done	1418646794
219	332	duration	1418647926
219	332	done	1418647930
219	322	duration	1418647940
219	322	done	1418647945
219	320	duration	1418647953
219	320	done	1418647956
219	302	duration	1418647972
219	302	done	1418647977
219	300	duration	1418647998
219	300	done	1418648002
220	1	watch	1414035506
220	1	enter	1414049807
220	1	done	1414049833
220	285	done	1415498862
220	286	done	1415501869
220	285	duration	1416305628
220	287	done	1416312030
220	303	done	1416408286
220	303	duration	1416408289
220	290	duration	1417348528
220	291	done	1417494136
220	292	done	1417495232
220	306	done	1417508710
220	306	duration	1417508919
220	317	done	1417508931
220	317	duration	1417510157
220	315	done	1417512845
220	315	duration	1417514123
220	338	done	1417514131
220	338	duration	1417517240
220	310	done	1417605293
220	310	duration	1417606506
220	326	done	1417606515
220	326	duration	1417609308
220	288	done	1417701689
220	288	duration	1417705127
220	1	tag	1417705143
220	314	done	1417705154
220	314	duration	1417707755
221	1	enter	1416373314
221	1	done	1416373341
221	1	tag	1419498485
221	1	watch	1419562703
222	287	done	1414756361
222	289	done	1414764403
222	289	duration	1414764404
222	1	enter	1416327583
222	1	done	1416327601
222	290	tag	1417198412
222	290	duration	1417198508
222	290	done	1417198543
222	292	duration	1418316338
222	292	done	1418316350
222	293	duration	1418316387
222	293	tag	1418316398
222	293	done	1418381068
222	299	done	1418578659
222	299	duration	1418581600
222	285	done	1418613348
222	288	done	1418620019
222	1	tag	1418658510
222	294	done	1418658529
222	294	duration	1418661811
222	303	done	1418661915
222	1	watch	1419439868
223	285	done	1428655205
223	285	tag	1428656398
223	285	duration	1428656580
223	286	done	1428665194
223	287	done	1428665339
223	287	tag	1428668009
223	287	duration	1428668011
223	289	done	1428668106
223	289	tag	1428668899
223	289	duration	1428668902
223	290	done	1429014450
223	290	tag	1429015706
223	290	duration	1429015708
223	1	tag	1429018678
223	295	done	1429018953
223	295	tag	1429020828
223	295	duration	1429020832
224	1	enter	1416208289
224	1	done	1416208308
224	288	duration	1416451357
224	288	done	1416451359
224	306	done	1416617502
224	317	duration	1416620819
224	317	done	1416620821
224	285	duration	1416790573
224	300	done	1416970634
224	300	duration	1416970635
224	309	duration	1416982485
224	309	done	1416982486
224	285	done	1418455333
224	287	duration	1418456716
224	287	tag	1418456720
224	287	done	1418458893
224	290	done	1418538237
224	292	done	1418538277
224	292	duration	1418541332
224	295	done	1418541360
224	296	done	1418541389
224	304	done	1418744554
224	304	duration	1418744564
224	297	duration	1418744593
224	1	watch	1419522536
224	1	tag	1419599711
224	289	done	1419599723
224	291	done	1419599738
224	291	duration	1419601995
225	1	enter	1416533930
225	1	done	1416533938
225	1	tag	1417654860
225	285	done	1417654870
225	1	watch	1420255463
226	1	enter	1416724862
226	1	done	1416724866
226	1	watch	1420506101
226	1	tag	1423116160
227	1	watch	1414395386
227	1	enter	1416722970
227	1	done	1416722974
227	1	tag	1423215844
228	1	enter	1416018921
228	1	done	1416018936
228	1	watch	1417593765
228	285	duration	1417594042
228	285	done	1417594070
228	1	tag	1419956559
229	1	tag	1428286776
229	287	done	1428286788
229	287	duration	1428286807
229	285	done	1428286812
229	285	duration	1428289311
230	1	enter	1415515897
230	1	done	1415515927
230	1	tag	1419169681
230	1	watch	1419240817
231	1	watch	1415956687
231	1	enter	1416020826
231	1	done	1416020832
231	1	tag	1419411719
232	1	watch	1414466063
232	1	enter	1414897392
232	1	done	1414897398
232	1	tag	1418522931
233	1	tag	1429590324
233	1	watch	1429966233
233	1	enter	1429970421
233	1	done	1429970434
234	1	watch	1415082967
234	1	enter	1415246521
234	1	done	1415246529
234	1	tag	1417518877
235	1	watch	1416645414
235	1	enter	1416646051
235	1	done	1416646068
235	1	tag	1417054859
236	1	tag	1414722233
236	1	enter	1415342922
236	1	done	1415343036
236	1	watch	1420730946
237	1	tag	1427458215
237	285	done	1427458231
237	285	tag	1427459112
237	285	duration	1427459743
237	286	done	1427459756
237	286	tag	1427461317
237	286	duration	1427461393
237	1	enter	1429184994
237	1	watch	1429185160
238	1	enter	1416024125
238	1	done	1416024151
238	1	watch	1420379570
238	286	done	1421067147
238	286	duration	1421068345
238	287	done	1421149484
238	287	tag	1421151469
238	287	duration	1421151483
238	1	tag	1421455207
238	294	done	1421455220
238	294	tag	1421457506
238	294	duration	1421457510
238	322	done	1421457523
238	322	tag	1421459808
238	322	duration	1421459814
239	1	watch	1414735211
239	1	tag	1415333285
239	1	enter	1415846500
239	1	done	1415846507
240	285	done	1415944349
240	1	watch	1415948728
240	287	done	1416042310
240	1	enter	1416390285
240	1	done	1416390291
240	1	tag	1419128047
241	1	watch	1415154433
241	1	enter	1415157619
241	1	done	1415157629
241	1	tag	1417398976
242	1	enter	1415669586
242	1	done	1415669598
242	1	tag	1417343074
242	1	watch	1419241172
243	329	done	1429450034
243	329	tag	1429450143
243	329	duration	1429450157
243	317	done	1429450168
243	317	duration	1429450173
243	1	watch	1429840965
243	1	enter	1429841440
243	1	done	1429841459
243	1	tag	1429842240
243	285	done	1429842288
243	285	tag	1429844825
244	286	done	1426859087
244	286	tag	1426860997
244	286	duration	1426861051
244	298	done	1426995621
244	298	duration	1426998433
244	298	tag	1426998438
244	308	done	1426998547
244	308	tag	1426998576
244	308	duration	1426998627
244	327	done	1427604316
244	327	tag	1427606962
244	327	duration	1427607004
244	292	done	1427607058
244	292	tag	1427609555
244	292	duration	1427609632
244	295	done	1427609682
244	295	tag	1427609682
244	306	done	1427690632
244	306	tag	1427693122
244	306	duration	1427694421
244	285	done	1428798107
244	285	tag	1428800302
244	285	duration	1428800321
244	287	done	1428800614
244	287	tag	1428803113
244	287	duration	1428803175
244	290	done	1428803233
244	290	tag	1428803839
244	290	duration	1428803875
244	1	enter	1429274716
244	1	watch	1429274790
244	285	tag	1429416180
244	285	duration	1429416726
244	285	done	1429416737
244	1	tag	1429438351
244	287	done	1429438456
244	287	duration	1429439514
245	285	done	1425042775
245	285	tag	1425043937
245	285	duration	1425043976
245	286	duration	1427293887
245	291	done	1427365110
245	291	duration	1427366977
245	1	tag	1429527070
245	1	watch	1429979725
245	1	done	1429980210
245	1	enter	1429980214
246	285	duration	1429496797
246	285	done	1429539992
246	286	done	1429624580
246	287	tag	1429753275
246	1	tag	1429794648
246	287	done	1429794803
