2	427	done	1424939121
2	427	tag	1424977777
2	427	duration	1424977784
4	397	done	1426748094
4	397	tag	1426748707
4	397	duration	1426748709
4	398	done	1426748714
4	398	tag	1426749081
4	398	duration	1426749083
4	399	done	1426749114
4	399	tag	1426749450
4	399	duration	1426749451
4	400	done	1426749456
4	400	tag	1426750009
4	400	duration	1426750010
4	401	done	1426750018
4	401	tag	1426750514
4	401	duration	1426750517
4	402	done	1426750523
4	402	tag	1426750857
4	402	duration	1426750860
4	407	tag	1426752767
4	410	done	1426753554
4	410	tag	1426754015
4	410	duration	1426754019
4	411	done	1426754085
4	411	tag	1426754440
4	411	duration	1426754446
4	412	done	1426754462
4	412	tag	1426754780
4	412	duration	1426754784
4	414	tag	1426755530
4	403	done	1428717071
4	403	tag	1428717418
4	403	duration	1428717423
4	405	done	1428718012
4	405	tag	1428718536
4	405	duration	1428718540
4	406	done	1428718550
4	406	tag	1428720175
4	406	duration	1428720179
4	407	done	1428720190
4	407	duration	1428721648
4	408	done	1428721661
4	408	tag	1428722123
4	408	duration	1428722127
4	409	done	1428722136
4	409	tag	1428722923
4	409	duration	1428722926
4	413	done	1428722933
4	413	tag	1428723592
4	413	duration	1428723593
4	414	done	1428723600
4	414	duration	1428725355
4	415	done	1428725386
4	415	tag	1428725724
4	415	duration	1428725725
4	417	done	1428728151
4	417	tag	1428729081
4	417	duration	1428729085
4	418	done	1428729093
4	418	tag	1428729696
4	418	duration	1428729698
4	419	done	1428729706
4	419	tag	1428730045
4	419	duration	1428730050
5	407	duration	1421717551
5	407	tag	1421717554
5	398	done	1422845324
5	398	duration	1422846975
5	427	done	1422848518
5	427	duration	1422850829
5	432	tag	1422853389
5	448	done	1422857945
5	448	duration	1422859688
5	399	done	1425267297
5	399	duration	1425269913
5	400	done	1425271862
5	493	done	1425277518
5	493	duration	1425277524
5	432	done	1427166853
5	432	duration	1427168347
5	405	done	1427867854
5	405	tag	1427868715
5	405	duration	1427869625
5	417	done	1427873712
5	417	tag	1427875068
5	417	duration	1427875186
5	422	done	1427876780
5	422	duration	1427876785
5	442	done	1427876793
5	442	duration	1427878378
5	445	done	1427878392
5	445	tag	1427879260
5	445	duration	1427879290
6	417	done	1425034346
6	417	duration	1425036650
6	400	done	1425036697
6	450	done	1425042633
8	397	duration	1429588704
8	397	done	1429630264
8	427	duration	1429755615
8	427	done	1429794794
8	495	done	1429798026
9	397	duration	1428457413
9	399	tag	1428457422
9	399	duration	1428459065
9	485	tag	1428478532
9	485	duration	1428478534
9	486	duration	1428479811
9	487	duration	1428481771
9	422	duration	1429558006
9	397	tag	1429645237
9	417	duration	1429667533
9	422	done	1429672471
9	410	duration	1429673964
9	397	done	1429685392
9	410	done	1429713942
9	428	duration	1429734854
9	417	done	1429744794
9	428	done	1429772693
11	398	tag	1426741643
11	398	done	1427289527
11	398	duration	1427291170
11	399	done	1427291261
11	399	duration	1427293131
11	400	done	1427460378
11	400	duration	1427461893
11	401	done	1427804694
11	401	duration	1427805953
11	402	done	1427806018
11	402	duration	1427807413
11	403	done	1427807479
11	403	duration	1427808884
11	405	done	1427888717
11	405	tag	1427888945
11	405	duration	1427890474
11	406	done	1427890530
11	406	tag	1427890944
11	406	duration	1427892232
11	407	done	1427892949
11	407	duration	1427894390
15	444	done	1420712705
15	444	duration	1420713946
16	398	done	1427776999
16	399	tag	1427788771
16	399	done	1427788780
16	400	done	1427846371
16	402	done	1428031189
16	402	tag	1428031195
16	402	duration	1428034696
16	401	tag	1428035630
16	401	duration	1428036201
16	401	done	1428036203
16	403	done	1428295038
16	406	duration	1428297903
16	403	duration	1428297943
16	403	tag	1428297949
16	405	tag	1428298011
16	406	tag	1428299532
16	406	done	1428299555
16	397	done	1428299704
16	397	tag	1428299707
16	397	duration	1428299714
16	405	done	1428399353
16	405	duration	1428400936
16	410	done	1428400961
16	411	done	1428405701
16	411	duration	1428407248
16	412	done	1428407331
16	412	duration	1428407343
16	408	tag	1428407385
16	408	done	1428407388
16	413	done	1428457902
16	414	done	1428461700
16	414	duration	1428464226
16	415	tag	1428464311
16	415	done	1428464316
16	415	duration	1428465507
16	417	done	1428543667
16	417	tag	1428543714
16	417	duration	1428545559
16	418	done	1428545580
16	418	duration	1428547504
16	419	done	1428547511
16	419	duration	1428549377
16	420	tag	1428549395
16	420	done	1428549398
16	420	duration	1428551282
16	423	tag	1428564249
16	421	done	1428564308
16	421	duration	1428565941
16	422	done	1428565957
16	422	duration	1428567312
16	423	done	1428567352
16	423	duration	1428568942
16	424	done	1428568956
16	424	duration	1428569790
16	425	done	1428570643
16	425	duration	1428571830
16	427	duration	1428627730
16	428	tag	1428629877
16	427	done	1428907520
16	428	done	1428912112
16	428	duration	1428913735
16	429	done	1428913742
16	429	duration	1428915465
16	430	done	1428919395
16	430	duration	1428920911
16	431	done	1428920921
16	431	duration	1428922063
16	432	duration	1428923564
16	432	done	1428924124
16	433	done	1428941901
16	433	duration	1428943300
16	434	done	1428943308
16	434	duration	1428944610
16	435	done	1428944618
16	436	done	1428966766
16	436	duration	1428968624
16	438	done	1428969987
16	438	duration	1428971844
16	439	done	1428971855
16	439	duration	1428973171
16	440	done	1428973181
16	440	duration	1428974789
16	441	done	1428974801
16	441	duration	1428975589
16	443	done	1428977461
16	444	done	1428980557
16	444	duration	1428981771
16	445	done	1428981784
16	445	duration	1428982968
16	447	done	1428984181
16	447	duration	1428985649
16	448	done	1428985666
16	450	done	1428998201
16	450	duration	1429000246
16	451	done	1429000257
16	452	done	1429002502
16	452	duration	1429004405
16	453	done	1429004418
16	453	duration	1429006468
16	454	done	1429006476
16	455	done	1429012106
16	455	duration	1429014011
16	458	duration	1429018777
16	460	duration	1429021151
16	457	done	1429056992
16	457	duration	1429058757
16	458	done	1429058764
16	459	done	1429064900
16	459	duration	1429065676
16	460	done	1429066124
16	461	done	1429071694
16	461	duration	1429073163
16	462	done	1429073175
16	462	duration	1429074306
16	463	done	1429074314
16	464	done	1429083106
16	464	duration	1429084961
16	466	done	1429086693
16	466	duration	1429087817
16	467	done	1429087831
16	467	duration	1429089232
16	468	done	1429089242
16	468	duration	1429090973
16	469	done	1429091014
16	469	duration	1429092994
16	470	done	1429093006
16	470	duration	1429094749
16	471	done	1429094764
16	471	tag	1429095881
16	471	duration	1429096725
16	472	done	1429096733
16	472	duration	1429098595
16	473	done	1429098611
16	473	duration	1429100463
16	474	done	1429102111
16	474	duration	1429103491
16	329	done	1429103505
16	329	duration	1429105936
16	476	done	1429138879
16	477	done	1429233725
16	477	duration	1429236177
16	478	done	1429236185
16	478	duration	1429237263
16	479	done	1429237275
16	479	duration	1429239230
16	480	done	1429239241
16	480	duration	1429240473
16	481	done	1429240487
16	481	duration	1429242342
16	482	done	1429242470
16	482	duration	1429243319
16	483	done	1429243328
16	483	duration	1429244978
16	485	done	1429443546
16	485	duration	1429446615
16	486	done	1429446624
16	487	done	1429450421
16	487	duration	1429453159
16	493	duration	1429464146
16	496	duration	1429481271
16	488	done	1429486844
16	488	duration	1429489417
16	489	done	1429489425
16	489	duration	1429490586
16	490	done	1429490597
16	491	done	1429501344
16	492	done	1429502528
16	493	done	1429503957
16	491	duration	1429504290
16	492	duration	1429505718
16	495	done	1429518467
16	496	done	1429522515
17	419	done	1427674233
17	419	tag	1427674236
17	420	done	1427674245
17	420	tag	1427674254
17	421	done	1427674262
17	421	tag	1427674267
17	418	done	1427674379
17	418	tag	1427674379
17	422	done	1427674408
17	422	tag	1427674442
17	424	done	1427674469
17	424	tag	1427674477
17	417	done	1427674512
17	417	tag	1427674524
17	423	done	1427674547
17	423	tag	1427674554
17	425	done	1427674566
17	425	tag	1427674579
17	397	done	1429233899
17	397	tag	1429233967
17	398	done	1429233973
17	398	tag	1429234218
17	399	done	1429234232
17	399	tag	1429234428
17	400	done	1429234437
17	400	tag	1429234616
17	450	done	1429234707
17	450	tag	1429234725
17	451	done	1429234736
17	451	tag	1429234746
17	452	done	1429234755
17	452	tag	1429234768
17	453	done	1429234779
17	453	tag	1429234804
17	454	done	1429234852
17	454	tag	1429234861
17	455	done	1429234878
17	455	tag	1429234893
17	427	done	1429749088
17	428	done	1429749705
17	427	tag	1429751386
18	397	done	1427247144
18	405	done	1427694289
18	405	tag	1427694428
18	405	duration	1427696076
20	466	done	1429574950
20	467	done	1429576084
20	466	tag	1429577434
20	468	done	1429577479
20	466	duration	1429577842
20	467	tag	1429579128
20	467	duration	1429579229
20	468	tag	1429580823
20	468	duration	1429580962
25	427	duration	1419422691
25	427	done	1419422700
25	428	duration	1419422704
25	428	tag	1419422708
25	431	duration	1419422710
25	431	tag	1419422715
25	419	done	1419428097
25	419	duration	1419429369
25	417	done	1420635280
25	417	duration	1420638489
25	423	done	1420638498
25	423	duration	1420640083
25	418	done	1422761432
25	438	done	1422771749
27	496	done	1427962365
27	496	duration	1427964073
27	406	done	1428934677
27	406	duration	1428936376
27	428	done	1428992359
27	428	duration	1428993539
27	495	done	1428993552
27	495	duration	1428995604
28	397	done	1427111402
28	397	duration	1427113696
28	398	done	1427113780
28	398	duration	1427116729
28	407	done	1427116747
28	409	duration	1427119800
28	409	done	1427119825
29	397	done	1427081663
29	403	done	1427082424
29	427	done	1427976646
29	457	done	1427978390
29	457	duration	1427980153
29	476	done	1428414371
29	476	duration	1428416299
29	478	done	1428416304
29	329	duration	1429487905
29	415	duration	1429489604
29	329	done	1429528994
29	415	done	1429531062
31	397	done	1427599360
31	397	duration	1427600815
31	405	done	1427600834
31	405	duration	1427602413
31	466	done	1427602428
31	448	done	1428630958
31	448	duration	1428632701
31	467	done	1428632725
31	467	duration	1428633563
31	473	done	1428643673
31	473	duration	1428645059
31	474	done	1428645073
31	474	duration	1428646426
31	329	done	1428646437
31	329	duration	1428648193
32	397	done	1427704900
32	397	tag	1427706001
32	397	duration	1427706602
32	405	done	1427706610
32	405	duration	1427708191
32	418	done	1427854101
32	418	duration	1427855783
32	476	duration	1427870475
32	476	done	1427870478
32	439	done	1427870486
32	439	duration	1427871733
32	417	done	1427872181
32	417	duration	1427874064
32	482	done	1427874074
32	482	duration	1427874924
32	489	done	1427874937
32	493	done	1427938662
32	493	duration	1427940241
32	471	done	1427940254
32	471	duration	1427942740
32	442	done	1427942756
32	442	duration	1427950990
32	406	done	1427958758
32	406	duration	1427960484
32	492	done	1427961246
32	492	duration	1427962665
32	433	done	1428022807
32	433	duration	1428025410
32	447	done	1428025420
32	447	duration	1428028244
33	450	done	1419989039
33	450	duration	1419991085
33	451	duration	1419994089
33	451	done	1419994511
33	398	done	1420094629
33	398	duration	1420096274
33	399	done	1420099625
35	417	done	1421197478
35	417	duration	1421197482
54	450	done	1427938242
54	450	duration	1427940304
54	460	duration	1428717743
54	460	done	1428717747
54	461	done	1428723188
54	461	duration	1428725206
54	462	done	1428725232
54	464	done	1428728275
54	464	duration	1428730437
54	473	tag	1428971614
54	473	done	1428971625
54	469	done	1429583480
54	469	duration	1429587406
55	412	done	1426680608
55	412	tag	1426680824
55	412	duration	1426681689
55	413	done	1426681721
55	413	duration	1426683407
55	414	done	1426683413
55	414	duration	1426684874
55	415	done	1426684888
55	415	duration	1426686861
55	407	duration	1427639739
55	405	done	1427722894
55	406	done	1428575809
55	406	duration	1428577690
55	407	done	1428577934
55	408	done	1428582469
55	408	duration	1428583467
55	409	done	1428583475
55	409	duration	1428584750
55	410	done	1428584758
55	410	duration	1428586887
67	397	duration	1429925382
67	398	duration	1429925396
71	427	done	1419304088
71	427	duration	1419304094
71	436	done	1419389265
71	436	duration	1419391218
71	431	done	1419391233
71	431	duration	1419392051
71	444	done	1419406246
71	444	duration	1419407458
71	455	done	1419412006
71	452	done	1419837240
71	452	duration	1419839146
71	476	done	1419839160
71	476	duration	1419841137
71	399	done	1420448824
71	399	duration	1420448834
71	406	done	1420448969
71	406	duration	1420448976
71	417	done	1420530408
71	417	duration	1420530416
71	405	done	1420530430
71	405	duration	1420530437
71	407	done	1420530448
71	407	duration	1420530455
71	400	done	1420530467
71	400	duration	1420530475
71	401	done	1420530487
71	401	duration	1420530493
71	402	done	1420530504
71	402	duration	1420530511
71	403	done	1420530523
71	403	duration	1420530530
71	397	done	1420530560
71	397	duration	1420530568
71	398	done	1420530579
71	398	duration	1420530583
71	428	done	1420610826
71	428	duration	1420612467
71	451	done	1420612485
71	451	duration	1420614327
71	439	done	1420614343
71	439	duration	1420615673
71	440	done	1420615689
71	440	duration	1420617306
71	464	done	1420619213
71	464	duration	1420619221
71	469	done	1420619242
71	469	duration	1420621106
71	472	done	1420621134
71	472	duration	1420622999
76	397	done	1426681169
76	397	duration	1426682623
76	398	done	1426682630
76	398	tag	1426683512
76	398	duration	1426684305
76	399	done	1426684378
76	399	duration	1426686248
76	436	done	1426687816
76	436	duration	1426689673
76	400	done	1426774374
76	400	duration	1426775883
76	405	done	1426905959
76	405	duration	1426907531
76	406	done	1426907537
76	406	duration	1426909236
76	407	done	1426909258
76	409	done	1426927578
76	409	duration	1426928845
76	410	done	1426928856
76	410	duration	1426930302
76	412	done	1426930316
76	412	duration	1426931327
76	413	done	1426931343
76	413	duration	1426933028
76	417	done	1427032948
76	418	done	1427032957
76	419	done	1427032969
76	420	done	1427032990
76	421	done	1427033014
76	422	done	1427033030
76	423	done	1427033077
76	424	done	1427033090
76	425	done	1427033104
76	438	done	1427114087
76	438	duration	1427115747
76	439	done	1427115754
76	439	duration	1427117068
76	440	done	1427117075
76	440	duration	1427118676
76	441	done	1427118686
76	441	duration	1427119469
76	442	done	1427119493
76	442	duration	1427121269
76	444	done	1427121278
76	444	duration	1427122487
76	445	done	1427122497
76	445	duration	1427123228
76	447	done	1427123235
76	447	duration	1427123894
77	397	done	1429232930
77	397	duration	1429234595
77	398	done	1429325885
77	398	duration	1429326462
77	400	done	1429328235
77	400	duration	1429328901
77	401	done	1429328905
77	401	duration	1429330189
77	402	done	1429330197
77	417	done	1429583950
77	419	done	1429658691
77	421	done	1429659152
77	422	done	1429659830
77	419	duration	1429660972
77	421	duration	1429661651
77	422	duration	1429662528
77	427	duration	1429909730
77	430	tag	1429916300
77	430	duration	1429916912
77	431	duration	1429917765
77	432	duration	1429919294
77	427	done	1429950838
77	428	done	1429951247
77	430	done	1429956849
77	431	done	1429958410
77	432	done	1429959267
77	434	done	1429960766
78	397	done	1426725902
78	399	done	1426746171
78	409	done	1426815772
78	415	duration	1426816517
78	415	tag	1426816521
78	415	done	1426816534
78	406	duration	1427097159
78	407	done	1427098676
78	407	duration	1427100675
78	408	done	1427100684
78	408	duration	1427101683
78	412	done	1427101694
78	417	done	1427176781
78	417	duration	1427178682
78	418	done	1427178688
78	418	duration	1427180519
78	413	done	1427253775
78	405	done	1427262508
78	405	duration	1427264083
78	406	done	1427264316
78	398	done	1427272113
78	398	tag	1427272128
78	398	duration	1427273759
78	401	done	1427273770
80	397	done	1419510513
80	397	duration	1419511967
80	398	done	1419511978
96	406	done	1428938041
96	406	duration	1428939740
96	408	done	1428939757
97	485	done	1419423580
97	485	duration	1419425155
97	487	done	1419425170
97	487	duration	1419426876
97	493	done	1419426884
99	398	done	1429771200
99	397	done	1429844033
104	397	done	1419685422
104	397	tag	1419685519
104	397	duration	1419686881
105	464	done	1419351326
105	464	duration	1419353182
105	442	done	1419433542
105	442	duration	1419435326
105	492	done	1419571780
105	492	duration	1419573198
105	451	done	1419780205
105	451	duration	1419782037
105	417	done	1419830687
105	417	duration	1419832571
106	485	duration	1429478767
106	485	done	1429520533
107	398	done	1426684564
107	398	tag	1426684890
107	398	duration	1426684898
107	399	tag	1427159016
107	432	done	1427163045
107	432	tag	1427163208
107	432	duration	1427163483
108	400	duration	1429987118
108	401	duration	1429988489
108	397	done	1430015743
108	397	tag	1430016562
108	398	done	1430017237
108	397	duration	1430018870
108	399	done	1430025202
108	400	done	1430028655
108	401	done	1430028667
109	397	done	1429417554
109	397	tag	1429417557
109	397	duration	1429419009
109	398	duration	1429422214
109	398	done	1429422227
109	418	duration	1429492210
109	421	duration	1429493793
109	450	duration	1429497355
109	411	duration	1429498652
109	433	duration	1429500133
109	418	done	1429533741
109	421	done	1429535450
109	450	done	1429537029
109	411	done	1429541866
109	433	done	1429541883
110	397	done	1427699737
110	397	duration	1427701195
110	398	done	1427701204
110	398	duration	1427704325
110	399	done	1427755708
110	406	tag	1427767700
110	405	duration	1427778346
110	408	done	1427778380
110	408	duration	1427779387
110	438	done	1427781153
110	439	done	1427781198
110	439	duration	1427784499
110	440	done	1427784507
110	406	duration	1427793381
110	419	done	1427854259
110	406	done	1428401217
110	458	done	1428451130
110	458	duration	1428454713
110	463	duration	1428457170
110	460	done	1428457177
110	460	tag	1428457179
110	460	duration	1428459537
110	463	done	1428459542
110	429	done	1428623781
110	429	duration	1428625566
110	429	tag	1428625568
110	418	done	1428819001
110	428	done	1428911215
110	428	tag	1428911978
110	428	duration	1428912881
110	405	done	1429527280
110	467	done	1429527606
110	477	duration	1429826538
110	477	done	1429865138
110	451	done	1429918242
111	399	done	1427073574
111	399	tag	1427074482
111	399	duration	1427076373
111	400	done	1427076816
111	400	duration	1427078416
111	405	done	1427158970
111	405	duration	1427161113
111	406	done	1427161120
111	406	duration	1427163729
111	407	done	1427163744
111	407	duration	1427165289
111	409	done	1427165304
111	413	done	1427270252
111	413	duration	1427272430
111	414	done	1427272462
111	417	tag	1427351978
111	418	duration	1427355943
111	417	done	1427935652
111	417	duration	1427937578
111	418	done	1427937630
111	427	done	1428025304
111	427	duration	1428027444
111	428	done	1428027459
111	428	duration	1428029634
111	429	done	1428029705
111	466	done	1428046892
111	466	duration	1428049149
111	467	done	1428049412
111	467	duration	1428050792
112	397	done	1428076293
112	398	done	1428237510
112	398	duration	1428237512
112	399	done	1428501609
112	399	duration	1428501616
112	400	done	1428596524
112	400	duration	1428596534
112	401	duration	1430007299
112	401	done	1430048826
114	397	done	1427159948
114	398	done	1427159996
114	400	done	1427160045
114	400	tag	1427160054
114	401	done	1427160089
114	402	done	1427160108
114	403	done	1427160122
114	399	tag	1427160147
114	399	done	1427162671
114	399	duration	1427162684
114	406	done	1427162737
114	407	done	1427162745
114	408	done	1427162753
114	408	duration	1427162766
114	409	done	1427162781
114	410	done	1427162797
114	410	duration	1427164987
114	411	done	1427165005
114	412	done	1427165016
114	413	duration	1427165021
114	413	tag	1427165025
114	413	done	1427165038
114	417	done	1427165092
114	417	duration	1427165115
114	418	done	1427165126
114	418	duration	1427170514
114	419	done	1427170523
114	420	done	1427170531
114	421	done	1427170537
114	422	done	1427170547
114	423	done	1427170559
114	424	done	1427170571
114	425	done	1427170583
114	425	duration	1427172571
114	427	done	1427172990
114	428	done	1427173000
114	429	done	1427173012
114	430	done	1427173021
114	431	done	1427173060
114	431	duration	1427174816
114	496	done	1427174934
114	495	duration	1427174945
114	495	tag	1427174947
114	495	done	1427174963
114	493	done	1427175652
114	493	duration	1427179449
114	487	duration	1427179684
114	489	tag	1427179704
114	489	done	1427180149
114	489	duration	1427182165
114	487	done	1427182415
114	486	done	1427182421
114	485	done	1427182428
114	482	done	1427182458
114	482	duration	1427184208
115	397	done	1426676497
115	398	done	1426767561
115	398	duration	1426769658
115	399	done	1426932649
115	401	tag	1427011965
115	401	done	1427012073
115	401	duration	1427014259
115	402	done	1427014266
115	402	duration	1427016516
115	403	done	1427016521
115	403	duration	1427017833
115	427	duration	1427721690
115	432	done	1427721697
115	405	done	1428306341
115	405	duration	1428308353
115	406	done	1428308357
115	406	duration	1428310841
115	407	done	1428310845
115	407	duration	1428312309
115	408	done	1428312315
115	408	duration	1428313399
115	409	done	1428313403
115	409	duration	1428315463
115	410	done	1428315470
115	410	duration	1428318137
115	413	done	1428318143
115	413	duration	1428319830
115	415	done	1428324396
115	415	duration	1428327389
115	427	done	1429183358
115	428	done	1429188802
115	428	duration	1429190874
115	429	done	1429192755
115	429	duration	1429194277
115	430	done	1429196085
115	430	duration	1429197678
115	431	done	1429197682
115	431	duration	1429198738
115	440	duration	1429499255
115	441	done	1429538346
115	440	done	1429540369
115	433	duration	1429751918
115	434	duration	1429757852
115	433	done	1429790651
115	434	done	1429797705
115	436	done	1429799232
115	438	duration	1429841738
115	439	duration	1429844435
115	438	done	1429881002
115	439	done	1429883634
116	495	done	1428928884
116	495	tag	1428928889
116	495	duration	1428928896
116	428	duration	1429842969
116	417	done	1429873124
116	428	done	1429882914
118	397	done	1429187321
118	397	tag	1429188508
118	397	duration	1429188789
118	398	done	1429188801
118	398	duration	1429190443
118	399	done	1429190478
118	399	duration	1429192403
118	402	tag	1429192714
118	401	done	1429425805
118	401	duration	1429427157
118	402	done	1429427167
118	402	duration	1429428575
118	403	done	1429428586
118	403	duration	1429430096
118	405	done	1429431761
118	405	duration	1429433350
118	406	tag	1429434293
118	406	done	1429436431
118	406	duration	1429438816
118	407	done	1429438832
118	407	duration	1429440279
118	409	done	1429440299
118	409	duration	1429441796
118	410	done	1429441810
118	410	duration	1429443263
118	411	done	1429443273
118	411	duration	1429444440
118	412	done	1429444460
118	412	duration	1429445494
118	413	done	1429445516
118	413	duration	1429447220
118	414	done	1429447229
118	414	duration	1429448704
118	418	done	1429484924
118	417	done	1429486945
118	419	done	1429499952
118	420	done	1429501110
118	421	done	1429504206
121	397	done	1427808985
127	397	done	1426727257
127	397	duration	1426727386
127	417	done	1426728243
127	417	duration	1426728456
127	427	done	1426728580
127	427	duration	1426729712
127	405	done	1426729804
127	405	duration	1426729902
127	428	done	1426729917
128	409	done	1426736182
128	467	done	1426736221
128	473	done	1426736258
128	474	done	1426736276
128	329	done	1426736292
128	450	done	1426736303
128	451	done	1426736314
128	452	done	1426736322
128	453	done	1426736341
128	427	done	1426832767
128	428	done	1426832771
128	436	done	1426832779
128	468	done	1426832848
128	418	tag	1426856726
128	419	done	1426856730
128	419	tag	1426856733
128	420	done	1426856736
128	420	tag	1426856740
128	421	done	1426856743
128	421	tag	1426856747
128	422	done	1426856751
128	422	tag	1426856754
128	424	tag	1426856772
128	425	done	1426856776
128	425	tag	1426856778
128	457	done	1426856791
128	457	tag	1426856795
128	458	done	1426856798
128	458	tag	1426856801
128	459	done	1426856805
128	459	tag	1426856807
128	460	done	1426856811
128	460	tag	1426856815
128	461	done	1426856819
128	461	tag	1426856821
128	462	done	1426856825
128	462	tag	1426856828
128	463	done	1426856832
128	463	tag	1426856833
128	464	done	1426856837
128	464	tag	1426856839
128	398	tag	1427122180
128	399	tag	1427122187
128	400	tag	1427122195
128	402	done	1427122215
128	402	tag	1427122219
128	403	tag	1427122227
128	407	done	1427122239
128	407	tag	1427122243
128	406	tag	1427122250
128	401	tag	1427122262
128	423	tag	1427122276
128	466	done	1427122281
128	466	tag	1427122283
128	470	done	1427122287
128	470	tag	1427122290
128	472	done	1427122294
128	472	tag	1427122298
128	495	done	1427122310
128	495	tag	1427122315
128	496	done	1427122318
128	496	tag	1427122322
128	397	done	1427124302
128	397	tag	1427124304
128	406	done	1427124340
128	408	done	1427124347
128	408	tag	1427124349
128	405	tag	1427124359
128	398	done	1427266393
128	399	duration	1427266401
128	399	done	1427266403
128	400	duration	1427266405
128	400	done	1427266408
128	401	duration	1427266453
128	401	done	1427266454
128	403	duration	1427266462
128	403	done	1427266465
128	405	duration	1427266486
128	405	done	1427266489
128	410	duration	1427266497
128	410	done	1427266499
128	411	duration	1427266507
128	411	done	1427266509
128	412	duration	1427266517
128	412	done	1427266519
128	417	duration	1427266527
128	417	done	1427266529
128	418	duration	1427266537
128	418	done	1427266539
128	423	duration	1427266548
128	423	done	1427266550
128	424	duration	1427266559
128	424	done	1427266561
128	438	duration	1427267675
128	438	done	1427267678
128	439	duration	1427267682
128	439	done	1427267685
128	440	duration	1427267688
128	440	done	1427267690
128	441	duration	1427267698
128	441	done	1427267700
128	442	duration	1427267705
128	442	done	1427267707
128	443	duration	1427267713
128	443	done	1427267715
128	444	duration	1427267719
128	444	done	1427267722
129	397	tag	1428627164
129	405	done	1428627177
129	405	tag	1428627240
129	405	duration	1428627253
129	450	done	1428627262
129	450	tag	1428627306
129	450	duration	1428627308
129	397	done	1429145730
129	397	duration	1429145742
133	466	done	1419943529
133	468	duration	1419944107
133	468	done	1419944123
133	417	duration	1422365897
133	440	duration	1422365919
133	439	done	1422366122
137	418	done	1420161873
137	420	done	1420162088
137	420	duration	1420164749
137	444	done	1420290386
137	451	done	1420291426
137	451	duration	1420292473
140	483	duration	1420557085
140	483	done	1420557095
140	479	done	1420557106
140	479	duration	1420559076
145	405	tag	1426768371
145	410	tag	1426771074
145	411	duration	1427033965
145	414	tag	1427034588
145	413	tag	1427614237
145	413	done	1427622669
145	417	done	1427624383
145	417	tag	1427626056
145	417	duration	1427626098
145	430	done	1427626153
145	430	duration	1427628268
145	432	done	1427628329
145	432	tag	1427629734
145	432	duration	1427630053
145	433	done	1427630118
145	433	tag	1427630232
145	433	duration	1427633677
145	438	done	1427633773
145	438	duration	1427635897
145	447	duration	1427635970
145	447	done	1427636017
146	398	done	1419598352
147	397	done	1427117199
147	397	duration	1427118656
147	398	done	1427118674
147	399	done	1427246980
147	405	done	1427288442
147	405	duration	1427290428
147	407	duration	1427293282
147	407	done	1427293661
153	397	done	1429321239
153	397	duration	1429321969
153	405	done	1429326106
153	400	duration	1429651296
153	406	done	1429681122
153	400	done	1429691357
155	398	done	1426830118
155	398	duration	1426832640
155	400	done	1428388613
155	400	duration	1428390189
156	398	done	1426858025
156	496	duration	1426858079
156	495	done	1426858102
156	495	duration	1426860279
156	399	done	1426897070
156	399	duration	1426897081
156	405	done	1426911271
156	405	duration	1426913523
156	407	done	1426913535
156	406	duration	1426932610
156	408	done	1426932622
156	408	duration	1426933652
156	409	done	1426933668
156	409	duration	1426934945
156	410	done	1426934952
156	397	tag	1426935213
156	420	done	1427020325
156	420	duration	1427021610
156	421	done	1427021617
156	424	done	1427026950
156	424	duration	1427027784
156	425	done	1427027791
156	485	done	1427103529
156	485	duration	1427104953
156	453	done	1427257527
156	453	duration	1427259573
156	491	done	1427281798
156	491	duration	1427282953
156	493	done	1427284252
156	419	done	1427342157
156	492	done	1427426297
156	492	duration	1427427777
156	406	done	1427602692
156	422	done	1427626775
156	417	duration	1427634285
156	417	done	1428756124
156	418	done	1428759832
156	418	duration	1428762933
156	427	done	1428762954
156	427	duration	1428764325
156	397	duration	1429110453
156	397	done	1429110454
160	481	done	1424088630
160	481	tag	1424090255
160	481	duration	1424090260
162	398	duration	1429820121
162	400	duration	1429822830
162	403	duration	1429825302
162	398	done	1429859947
162	400	done	1429861668
162	403	done	1429866468
168	399	done	1427936514
168	399	tag	1427937121
168	397	done	1429923048
169	398	done	1428291104
169	405	done	1428636665
170	397	done	1427294261
170	397	tag	1427295125
170	397	duration	1427296057
170	399	done	1428132586
170	399	duration	1428134445
170	417	done	1429190800
170	417	duration	1429192684
170	418	done	1429192697
170	418	duration	1429193885
172	399	done	1428511258
172	397	duration	1429760174
172	397	done	1429800126
172	398	done	1429801611
172	398	duration	1429848243
172	405	done	1429890490
172	406	done	1429892098
172	407	done	1429893824
172	413	done	1429895309
172	406	duration	1429895469
172	407	duration	1429896943
172	405	duration	1429936939
172	417	done	1429980332
173	438	done	1426752841
173	438	tag	1426753074
173	438	duration	1426755514
173	417	done	1426815495
173	417	duration	1426817438
173	418	duration	1426819128
173	418	done	1426819131
173	427	tag	1426989071
173	427	done	1427071098
173	427	duration	1427073234
173	428	duration	1427076325
173	428	done	1427076370
173	428	tag	1427077143
174	438	done	1419571954
174	438	duration	1419573670
177	398	tag	1427272350
177	397	done	1427700207
177	397	duration	1427700363
177	398	done	1427700398
177	398	duration	1427700541
177	400	done	1427701625
177	400	duration	1427701791
177	401	done	1427701802
177	401	duration	1427701953
177	402	done	1427701958
177	402	duration	1427702110
177	403	done	1427703224
177	403	duration	1427703563
177	405	done	1427780396
177	405	duration	1427780556
177	406	done	1427780564
177	406	duration	1427780697
177	407	done	1427781173
177	407	duration	1427781419
177	409	done	1427781430
177	409	duration	1427781592
177	411	done	1427783487
177	411	duration	1427783604
177	412	done	1427783614
177	412	duration	1427783734
177	417	done	1428907024
177	417	duration	1428907127
177	399	done	1428975186
177	399	duration	1428975328
177	466	duration	1429733228
177	467	tag	1429733644
177	467	duration	1429734623
177	485	duration	1429736144
177	450	duration	1429737216
177	466	done	1429773493
177	467	done	1429774633
177	485	done	1429776055
177	450	done	1429777578
185	397	tag	1427090685
185	397	done	1427090694
185	397	duration	1427092168
185	399	done	1427092237
185	399	tag	1427092907
185	429	done	1427342597
185	429	duration	1427343080
185	417	duration	1427864600
185	455	done	1428475461
185	455	duration	1428475500
185	485	done	1428629386
185	485	tag	1428629412
185	485	duration	1428629671
185	487	done	1428629681
185	487	duration	1428630919
185	452	done	1428906158
185	452	duration	1428908022
185	486	done	1428912151
185	488	tag	1428912157
185	488	done	1428912159
185	488	duration	1428913197
185	470	done	1428913212
185	470	duration	1428914945
185	468	done	1428914951
185	468	duration	1428915502
185	398	done	1429062293
185	398	duration	1429063154
185	427	done	1429063308
185	427	duration	1429064568
185	450	done	1429064584
185	450	duration	1429066634
185	417	done	1429087073
185	422	done	1429087248
185	422	duration	1429088605
185	423	done	1429088612
185	423	duration	1429090381
185	428	done	1429142803
185	428	duration	1429144289
185	418	done	1429242463
185	418	duration	1429242648
186	397	duration	1420181298
186	398	duration	1420182964
186	399	done	1420185307
186	399	duration	1420185311
186	400	duration	1420186844
186	401	duration	1420188294
186	417	duration	1420272740
186	421	duration	1420274280
186	422	duration	1420275924
186	423	duration	1420277386
186	424	duration	1420277994
186	485	tag	1420774407
186	495	duration	1421220072
186	496	duration	1421222555
186	485	duration	1421224307
186	486	duration	1421225598
186	487	duration	1421226871
186	488	duration	1421227600
186	479	duration	1421656569
186	493	duration	1421657253
186	492	duration	1421657958
188	417	done	1426906185
188	417	duration	1426906190
188	418	done	1426906195
188	418	duration	1426906200
188	419	done	1426906207
188	419	duration	1426906215
188	420	done	1426906222
188	420	duration	1426906234
188	421	done	1426906242
188	421	duration	1426906247
188	422	done	1426906254
188	422	duration	1426906259
188	423	done	1426906265
188	423	duration	1426906274
188	424	done	1426906279
188	424	duration	1426906289
188	425	done	1426906296
188	425	duration	1426906303
188	401	done	1426907919
188	401	duration	1426907925
188	402	done	1426908180
188	402	duration	1426908590
188	403	done	1426908597
188	403	tag	1426909548
188	403	duration	1426909913
188	405	done	1426911702
188	405	duration	1426912078
188	409	done	1427021526
188	409	duration	1427021537
188	408	done	1427021541
188	408	duration	1427021546
188	406	done	1427021552
188	406	duration	1427021559
188	410	done	1427021565
188	410	duration	1427021584
188	414	done	1427021591
188	414	duration	1427021608
188	412	done	1427021614
188	412	duration	1427021625
188	411	done	1427021631
188	411	tag	1427022804
188	411	duration	1427022809
188	438	done	1427101695
188	438	duration	1427101760
188	439	done	1427101766
188	439	duration	1427101884
188	440	done	1427102015
188	440	duration	1427102110
188	441	done	1427102121
188	441	duration	1427102237
188	442	done	1427102244
188	442	duration	1427102373
188	443	done	1427102378
188	443	duration	1427102507
188	444	done	1427102513
188	444	duration	1427102613
188	445	done	1427102621
188	445	duration	1427102738
188	447	done	1427102858
188	447	duration	1427103028
188	448	done	1427103035
188	448	duration	1427103337
188	450	done	1427192028
188	450	duration	1427192223
188	451	done	1427192228
188	451	duration	1427192348
188	453	done	1427192689
188	453	duration	1427192946
188	454	done	1427192952
188	454	duration	1427193139
188	455	done	1427193145
188	455	duration	1427193250
188	458	done	1427193578
188	458	duration	1427193718
188	459	done	1427193723
188	459	duration	1427193912
188	485	done	1427276577
188	485	tag	1427276606
188	485	duration	1427276959
188	476	done	1427277164
188	476	duration	1427279106
188	457	done	1427279152
188	457	duration	1427280937
188	452	done	1427280981
188	452	duration	1427282821
188	470	tag	1427447326
188	470	done	1427448366
188	470	duration	1427449298
195	397	duration	1427629367
195	400	done	1429175534
195	400	duration	1429177257
195	401	done	1429177394
195	401	tag	1429178831
195	401	duration	1429178868
195	402	done	1429179237
195	402	duration	1429181030
195	403	done	1429181100
195	403	duration	1429182427
197	397	done	1427456357
197	397	duration	1427457774
197	398	done	1427457781
197	398	duration	1427458532
197	405	done	1427626586
197	405	duration	1427628164
197	406	done	1427628170
197	406	duration	1427629927
197	418	done	1427706942
197	418	duration	1427708638
197	419	done	1427708647
197	419	duration	1427709948
198	399	duration	1428742558
198	400	duration	1428742572
198	401	duration	1428742576
198	403	done	1428742584
198	403	duration	1428742587
198	406	done	1428742604
198	406	duration	1428742606
198	407	done	1428742609
198	407	duration	1428742611
198	408	done	1428742614
198	408	duration	1428742621
198	409	done	1428742624
198	409	duration	1428742626
198	410	done	1428742629
198	410	duration	1428742634
198	412	done	1428742648
198	412	duration	1428742652
198	413	done	1428742656
198	413	duration	1428742660
198	414	done	1428742663
198	414	duration	1428742666
198	415	done	1428742669
198	415	duration	1428742672
198	397	duration	1428895779
198	398	duration	1428897873
198	402	done	1428898183
198	402	duration	1428899540
198	405	done	1428899546
198	405	duration	1428899775
198	411	done	1428902125
198	411	duration	1428902517
198	427	done	1428903616
198	427	duration	1428906007
198	432	done	1428906015
198	432	duration	1428906222
198	485	done	1428906231
198	485	duration	1428906359
198	486	done	1428906364
198	486	duration	1428906914
198	476	done	1428906928
198	476	duration	1428906932
198	457	done	1428912257
198	457	duration	1428912630
198	397	done	1429175962
198	398	done	1429175983
198	399	done	1429176033
198	400	done	1429176071
198	401	done	1429176077
198	417	done	1429176149
198	417	duration	1429176151
198	418	done	1429176154
198	418	duration	1429176156
198	419	done	1429176159
198	419	duration	1429176162
198	420	done	1429176165
198	420	duration	1429176168
198	424	done	1429176172
198	424	duration	1429176175
199	472	done	1419577597
199	472	duration	1419581159
199	469	done	1419581173
199	469	duration	1419581721
202	418	done	1427152623
202	418	duration	1427374423
202	451	tag	1427379444
202	477	duration	1427543748
202	483	done	1427543758
202	483	duration	1427544314
202	467	duration	1427721371
202	468	duration	1427724489
202	438	duration	1428159665
202	469	duration	1428807880
202	469	done	1428807882
202	495	done	1428807902
202	451	duration	1428933770
202	464	tag	1429100356
202	464	done	1429100389
202	464	duration	1429103172
202	440	done	1429103179
203	401	done	1421376468
204	423	done	1428409647
204	423	tag	1428409692
204	423	duration	1428409698
204	422	done	1428409707
204	422	duration	1428411538
204	438	done	1429186326
204	438	duration	1429187201
204	439	duration	1429492742
204	439	done	1429534519
206	397	done	1428812256
206	397	duration	1428812941
207	402	done	1419310063
207	410	duration	1419338107
207	413	done	1419338127
207	413	duration	1419339845
207	476	done	1419339867
207	485	done	1419347444
207	450	done	1419404492
207	450	duration	1419406564
207	451	done	1419406578
207	436	done	1419499131
207	471	done	1419501205
207	471	duration	1419503180
207	470	done	1419503197
207	470	duration	1419505251
207	457	done	1419505298
207	457	duration	1419507237
207	489	done	1419837118
207	410	done	1419912129
207	427	done	1419999610
207	432	done	1420001854
207	495	done	1420082716
207	495	duration	1420084916
207	329	done	1420084936
209	398	tag	1427878955
209	397	done	1428020698
209	397	duration	1428022463
209	399	done	1428024285
209	399	duration	1428026407
209	398	duration	1428374641
209	398	done	1428374655
209	400	done	1428393020
209	400	duration	1428395516
209	401	done	1428458911
209	407	done	1428588503
209	407	duration	1428590049
209	405	duration	1429063599
209	406	done	1429063695
209	406	duration	1429066128
209	405	done	1429078487
210	329	done	1428578055
210	329	duration	1428578893
210	453	duration	1429662489
210	453	done	1429702029
210	417	duration	1429761524
210	417	done	1429801435
210	495	done	1429975480
211	397	done	1427813806
211	398	done	1429106841
211	398	tag	1429107786
211	398	duration	1429109233
211	399	done	1429240432
211	399	duration	1429243212
211	401	done	1429244667
211	401	duration	1429245953
211	402	done	1429245976
211	402	duration	1429247808
211	403	done	1429247819
211	403	duration	1429249156
211	405	done	1429250828
211	417	duration	1429576603
211	418	duration	1429578286
211	421	duration	1429580062
211	423	duration	1429587601
211	417	done	1429615950
211	418	done	1429618077
211	421	done	1429619773
211	423	done	1429625822
211	425	done	1429629079
211	425	duration	1429676498
218	457	done	1419578288
218	457	tag	1419579117
218	457	duration	1419579120
220	464	done	1419334714
220	442	done	1419420287
220	448	done	1419420883
220	448	duration	1419421052
220	444	done	1419422081
220	444	duration	1419422087
220	447	done	1419423326
220	445	done	1419423543
220	445	duration	1419423868
220	405	done	1419424939
220	408	done	1419424975
220	408	duration	1419426535
220	412	duration	1419426609
225	397	done	1428111572
225	397	tag	1428111904
225	397	duration	1428112269
231	397	done	1427031302
231	397	tag	1427031375
231	397	duration	1427031381
231	398	done	1427031394
231	398	tag	1427031792
231	398	duration	1427033496
231	399	done	1427063264
231	399	duration	1427065122
231	400	done	1427113626
231	400	tag	1427113769
231	400	duration	1427114097
231	401	done	1427114116
231	401	duration	1427115373
231	402	done	1427115393
231	402	duration	1427116790
231	403	done	1427117321
231	403	duration	1427118646
231	405	done	1427120409
231	405	duration	1427121044
231	406	done	1427148431
231	481	done	1427149827
231	415	tag	1428848064
231	415	done	1428849262
231	415	duration	1428849264
233	397	done	1427717602
233	397	tag	1427719012
233	397	duration	1427721042
233	405	done	1427721056
233	405	tag	1427722347
233	405	duration	1427722638
233	427	done	1427722652
233	427	tag	1427724348
233	427	duration	1427724706
234	405	done	1422183512
234	405	duration	1422184638
234	417	done	1422184661
234	417	duration	1422186859
234	427	done	1422187016
234	427	duration	1422189065
239	397	done	1428925478
239	397	duration	1428928551
239	405	done	1428928565
240	401	done	1426769184
240	401	tag	1426770478
240	401	duration	1426770494
240	398	done	1426770549
240	398	tag	1426772202
240	398	duration	1426772252
240	476	done	1426772366
240	476	tag	1426774251
240	476	duration	1426774303
240	412	done	1427119573
240	412	tag	1427120626
240	412	duration	1427120648
240	485	done	1427618343
240	485	tag	1427619776
240	485	duration	1427619867
240	486	done	1427619922
240	486	tag	1427621243
240	486	duration	1427621263
240	492	tag	1427622541
240	492	duration	1427622622
240	492	done	1427622623
240	436	done	1427622682
240	436	tag	1427624571
240	436	duration	1427624636
240	409	done	1427803316
240	409	tag	1427804628
240	409	duration	1427804639
240	405	done	1427804694
240	405	tag	1427806508
240	405	duration	1427806561
240	495	done	1428815342
240	495	tag	1428817570
240	495	duration	1428817770
241	480	duration	1428672001
241	455	done	1428810102
241	455	duration	1428811781
242	398	done	1428674265
242	398	duration	1428677285
242	398	tag	1428677286
1	358	enter	1429849996
1	358	done	1429850022
1	430	watch	1429933826
2	430	watch	1414155568
2	358	enter	1414167097
2	358	done	1414167125
2	359	duration	1414195205
2	359	done	1414195219
2	364	done	1414195286
2	380	duration	1416664905
2	380	done	1416664906
2	416	done	1416664918
2	416	duration	1416664920
2	407	done	1416664928
2	372	done	1417795982
2	372	duration	1417796050
2	349	tag	1424939080
2	364	duration	1424939087
3	430	watch	1415097878
3	358	enter	1415098323
3	358	done	1415098334
4	425	tag	1426756251
4	349	tag	1428717059
4	352	done	1428717433
4	352	tag	1428718002
4	352	duration	1428718006
4	425	done	1428725756
4	425	duration	1428728145
5	358	enter	1415932119
5	358	done	1415932141
5	418	duration	1418378967
5	359	duration	1418378976
5	364	done	1418434464
5	352	done	1425271864
5	430	watch	1426829823
5	426	done	1426830718
5	426	watch	1426830720
5	380	done	1427846687
5	380	duration	1427850211
5	349	tag	1427873684
6	349	tag	1425203232
6	358	enter	1429315731
7	358	enter	1415078460
7	358	done	1415078468
7	430	watch	1415110940
8	358	enter	1429623780
8	430	watch	1429623800
8	349	tag	1429797905
9	339	done	1429641447
9	339	duration	1429644353
9	349	tag	1429772685
10	351	tag	1413181742
10	358	enter	1414288210
10	358	done	1414288222
10	349	tag	1416536559
10	430	watch	1419389430
11	352	done	1427808985
11	352	tag	1427809929
11	352	duration	1427810620
11	349	tag	1427892938
11	430	watch	1429418914
11	358	enter	1429420305
11	358	done	1429420319
12	430	watch	1429312646
12	358	enter	1429314034
12	358	done	1429314042
13	351	tag	1413281053
13	361	done	1413623702
13	361	duration	1413623706
13	358	enter	1414745627
13	358	done	1414745642
13	426	watch	1418027156
13	349	tag	1420032334
13	430	watch	1420032339
14	349	tag	1416278141
14	430	watch	1416278147
14	358	enter	1416387127
14	358	done	1416387144
15	350	tag	1411896177
15	348	tag	1412770612
15	351	tag	1413160642
15	358	done	1413860091
15	362	duration	1413871049
15	362	done	1413876198
15	368	duration	1414110642
15	369	done	1414113510
15	373	done	1414648685
15	373	duration	1414648689
15	375	duration	1414975489
15	364	duration	1415062173
15	364	done	1415062173
15	387	done	1415236436
15	391	done	1415343576
15	391	duration	1415343577
15	388	done	1415407093
15	371	done	1416897734
15	372	done	1416900501
15	372	duration	1416900507
15	375	done	1416965768
15	369	duration	1416983900
15	367	done	1417134694
15	367	duration	1417134695
15	368	done	1418715115
15	403	duration	1418890457
15	400	done	1418890840
15	400	duration	1418893059
15	406	duration	1418951762
15	349	tag	1420711054
15	430	watch	1421227062
15	358	enter	1429077973
16	352	tag	1428296361
16	352	duration	1428297963
16	352	done	1428297969
16	425	done	1428465558
16	425	duration	1428465567
16	355	tag	1428571859
16	355	duration	1428573257
16	355	done	1428573261
16	426	done	1428627315
16	426	watch	1428627317
16	428	done	1428968633
16	428	duration	1428969956
16	427	done	1428982985
16	427	duration	1428984159
16	347	done	1428996775
16	347	duration	1428998185
16	353	done	1429014021
16	353	duration	1429015832
16	346	done	1429084968
16	346	duration	1429086680
16	358	enter	1429233639
16	358	done	1429233661
16	430	watch	1429234088
16	357	done	1429441503
16	357	duration	1429443532
16	354	done	1429512009
16	349	tag	1429788304
17	355	done	1427674590
17	355	tag	1427674603
17	353	done	1429234900
17	353	tag	1429234917
17	349	tag	1429749065
18	349	tag	1428468758
18	430	watch	1429528671
18	358	enter	1429530681
18	358	done	1429530783
19	430	watch	1429580048
19	358	enter	1429583715
19	358	done	1429583720
20	349	tag	1429574912
21	359	duration	1412755345
21	360	done	1412756571
21	360	duration	1412756630
21	359	done	1413960087
21	430	watch	1413960157
21	358	done	1413964172
21	358	enter	1413964190
21	367	tag	1414454362
21	373	done	1414455292
21	373	duration	1414455293
21	374	duration	1414455301
21	374	done	1414455353
21	386	duration	1414455433
21	365	done	1414541288
21	370	done	1414541308
21	370	duration	1414541308
21	400	done	1416980666
21	405	done	1416983904
21	364	done	1418711738
21	364	duration	1418714062
21	365	duration	1418776739
21	367	done	1418776747
21	349	tag	1418886974
22	358	enter	1416375780
22	358	done	1416375791
22	430	watch	1419425082
23	358	enter	1415604822
23	358	done	1415604836
23	349	tag	1416903562
23	430	watch	1419380547
24	363	done	1415940357
24	364	done	1416039240
24	367	duration	1416050550
24	367	done	1416064589
24	358	enter	1416136057
24	358	done	1416136112
24	363	duration	1416200718
24	349	tag	1416201792
24	430	watch	1420198624
25	360	done	1414365867
25	426	watch	1414400617
25	359	done	1414497553
25	361	done	1414500331
25	360	duration	1414836421
25	358	enter	1414933269
25	358	done	1414933277
25	359	duration	1415007820
25	367	duration	1415007870
25	363	done	1415181804
25	363	duration	1415181805
25	364	done	1416323487
25	364	duration	1416323488
25	349	tag	1422771717
26	351	tag	1412855535
26	359	done	1413868780
26	359	duration	1413868780
26	360	done	1413868787
26	358	enter	1413870373
26	358	done	1413870533
26	349	tag	1420376285
26	430	watch	1420377122
27	349	tag	1428992352
27	430	watch	1429978651
27	358	enter	1429978715
28	351	tag	1413109853
28	358	enter	1414244060
28	358	done	1414244077
28	430	watch	1419941007
28	349	tag	1428403644
29	358	enter	1429277028
29	349	tag	1429528985
30	430	watch	1429666624
30	358	enter	1429666917
30	358	done	1429666943
31	349	tag	1428643651
31	430	watch	1429836417
31	358	enter	1429841426
31	358	done	1429841433
32	349	tag	1428022799
32	354	done	1428028414
32	354	duration	1428033489
33	358	enter	1413993480
33	358	done	1413993489
33	361	duration	1414943018
33	363	duration	1414947536
33	362	duration	1414984071
33	366	duration	1414984330
33	359	done	1414984550
33	359	duration	1414989696
33	360	done	1414999795
33	360	duration	1414999796
33	365	duration	1415005984
33	365	done	1415005985
33	430	watch	1420080796
33	349	tag	1420094618
34	430	watch	1416983592
34	358	enter	1416984224
34	358	done	1416984232
34	349	tag	1424143018
35	348	tag	1413255471
35	350	tag	1413255472
35	351	tag	1413255748
35	430	watch	1416298259
35	358	done	1416538371
35	365	duration	1416805347
35	365	done	1416805348
35	373	duration	1417148435
35	359	done	1418539571
35	359	duration	1418541835
35	349	tag	1428831973
35	358	enter	1429074980
36	351	tag	1413119196
36	371	duration	1414071052
36	392	done	1414074831
36	358	enter	1414926059
36	358	done	1414926093
36	370	tag	1416197786
36	370	done	1416197787
36	370	duration	1416197794
36	388	done	1416742860
36	377	duration	1417441240
36	364	duration	1417525802
36	359	duration	1417525876
36	410	duration	1417527217
36	409	duration	1417614067
36	394	duration	1417614874
36	374	duration	1417775339
36	386	duration	1417775471
36	397	duration	1417775525
36	365	duration	1417775926
36	398	duration	1417775950
36	389	duration	1417776912
36	372	duration	1417778231
36	362	duration	1417779083
36	411	duration	1417779214
36	402	duration	1417779573
36	392	duration	1417779627
36	390	duration	1417780061
36	408	duration	1417781525
36	419	duration	1417781573
36	407	duration	1417781688
36	385	duration	1417782256
36	420	duration	1417782475
36	416	duration	1417833619
36	405	duration	1417835150
36	412	duration	1417849400
36	387	duration	1417849597
36	369	duration	1417862206
36	360	duration	1417871741
36	430	watch	1417872043
36	359	done	1417955678
36	360	done	1418009884
36	413	duration	1418012747
36	415	duration	1418012761
36	368	done	1418012773
36	421	duration	1418038202
36	422	duration	1418038213
36	366	done	1418041230
36	366	duration	1418042296
36	376	duration	1418042439
36	406	duration	1418042611
36	383	duration	1418042769
36	418	duration	1418042836
36	414	duration	1418042851
36	361	duration	1418043154
36	368	duration	1418043273
36	349	tag	1418043472
36	363	done	1418043482
36	363	duration	1418045676
36	426	watch	1418213838
37	358	enter	1415100767
37	358	done	1415100816
37	430	watch	1420686337
38	351	tag	1413033882
38	430	watch	1414028952
38	358	enter	1414029465
38	358	done	1414029481
38	365	done	1414566279
38	365	duration	1414566298
38	349	tag	1415883692
38	372	done	1415883765
38	372	duration	1415883775
39	358	enter	1414027912
39	358	done	1414027941
39	430	watch	1418516188
39	364	done	1418516996
39	359	done	1418517154
39	359	duration	1419077927
39	364	duration	1419077946
39	349	tag	1419077966
40	358	enter	1416975150
40	358	done	1416975162
40	359	done	1417011415
40	359	duration	1417011416
40	360	done	1417011456
40	360	duration	1417011456
40	349	tag	1417319414
40	430	watch	1420366105
41	358	enter	1414504537
41	358	done	1414504553
41	430	watch	1419775599
42	359	done	1414112381
42	360	duration	1414113661
42	361	done	1414114899
42	358	enter	1414114941
42	358	done	1414114964
42	349	tag	1416363950
42	430	watch	1417489709
43	430	watch	1415209079
43	426	done	1415759852
43	426	watch	1415759854
43	358	enter	1416468789
43	358	done	1416468802
43	349	tag	1419790026
44	376	done	1415550879
44	426	done	1415551213
44	426	watch	1415551216
44	349	tag	1416490281
44	358	enter	1416490540
44	358	done	1416490553
45	426	done	1415556366
45	426	watch	1415556368
45	358	enter	1416492471
45	358	done	1416492483
45	349	tag	1420287680
45	430	watch	1420502527
46	358	enter	1414985794
46	358	done	1414985800
46	429	duration	1415942498
46	429	done	1415942499
46	359	done	1416019453
46	360	done	1416019457
46	349	tag	1416019466
46	360	duration	1416019467
46	359	duration	1416019469
47	429	tag	1414647127
47	430	watch	1414982817
47	358	enter	1414984540
47	358	done	1414984546
47	429	duration	1416018748
47	429	done	1416018749
47	349	tag	1416018778
48	358	enter	1415164482
48	358	done	1415164488
48	429	duration	1416019052
48	349	tag	1416019085
48	429	done	1416019087
49	429	done	1414648130
49	429	duration	1414648169
49	358	enter	1414985530
49	358	done	1414985538
49	360	done	1416019255
49	359	duration	1416019262
49	360	duration	1416019263
49	349	tag	1416019265
49	359	done	1416019268
49	430	watch	1420757619
50	350	tag	1409899172
50	348	tag	1409899188
50	351	tag	1413185055
50	358	done	1413942582
50	349	tag	1419219247
50	358	enter	1429071090
50	430	watch	1429071300
51	359	done	1414044749
51	359	duration	1414044750
51	358	enter	1415256245
51	358	done	1415256255
51	349	tag	1416447997
51	361	duration	1416448007
51	361	done	1416448007
51	430	watch	1419217089
52	359	duration	1416189670
52	359	done	1416189670
52	430	watch	1416189736
52	358	enter	1416277392
52	358	done	1416277398
52	349	tag	1416277688
53	358	enter	1414679125
53	358	done	1414679174
53	359	done	1416057608
53	349	tag	1416146245
53	367	duration	1416146259
53	367	done	1416146261
53	430	watch	1419318435
54	346	done	1428979256
54	346	duration	1428981059
54	358	enter	1429059827
54	349	tag	1429583432
54	430	watch	1429700181
55	349	tag	1428582461
55	430	watch	1429569760
55	358	enter	1429577981
55	358	done	1429577988
56	349	tag	1419554120
56	430	watch	1429521126
56	358	enter	1429522528
56	358	done	1429522555
57	348	tag	1410529964
57	350	tag	1410530124
57	351	tag	1410870263
57	358	enter	1415448912
57	358	done	1415449055
57	349	tag	1417692354
57	422	duration	1417692375
57	421	duration	1417692389
57	408	done	1417692400
57	408	duration	1417692497
57	430	watch	1419421402
58	349	tag	1429707120
58	430	watch	1429707171
58	358	enter	1429709907
58	358	done	1429709918
59	420	duration	1416207128
59	420	done	1416207130
59	358	enter	1416366298
59	358	done	1416366393
59	349	tag	1417159607
60	351	tag	1413271406
60	358	enter	1415930187
60	358	done	1415930201
60	349	tag	1419822033
61	358	enter	1416194939
61	358	done	1416194955
61	349	tag	1417264429
61	430	watch	1418989606
62	351	tag	1413359047
62	358	enter	1416037752
62	358	done	1416037757
62	349	tag	1419303091
63	358	enter	1416195345
63	358	done	1416195377
63	349	tag	1417264529
63	430	watch	1418005386
64	358	enter	1416206187
64	358	done	1416206210
64	349	tag	1417408867
64	430	watch	1418988037
65	358	enter	1416367059
65	358	done	1416367066
65	361	done	1417568318
65	367	duration	1417568517
65	384	done	1417568573
65	384	duration	1417568579
65	387	done	1417568584
65	387	duration	1417568592
65	400	done	1417568597
65	400	duration	1417568602
65	409	done	1417568606
65	409	duration	1417568614
65	420	duration	1417568621
65	370	done	1418025190
65	372	done	1418025202
65	373	done	1418025206
65	374	done	1418025212
65	376	done	1418025224
65	375	done	1418025937
65	380	done	1418025942
65	381	done	1418025946
65	382	done	1418025950
65	371	done	1418025973
65	362	duration	1418279119
65	363	done	1418279123
65	363	duration	1418279126
65	364	done	1418279130
65	364	duration	1418279133
65	365	done	1418279137
65	365	duration	1418279139
65	366	done	1418279144
65	367	done	1418279151
65	368	done	1418279158
65	368	tag	1418279170
65	368	duration	1418279173
65	369	done	1418279177
65	369	duration	1418279180
65	359	done	1418353275
65	359	duration	1418353278
65	360	done	1418353294
65	360	duration	1418353301
65	361	duration	1418353307
65	362	done	1418353334
65	349	tag	1418861779
66	358	enter	1415842589
66	358	done	1415842603
66	430	watch	1418012140
66	349	tag	1418113147
67	430	watch	1429966113
67	358	enter	1429966419
67	358	done	1429966448
67	349	tag	1429966995
68	358	enter	1417405913
68	358	done	1417405946
68	430	watch	1420856036
69	358	enter	1414899222
69	358	done	1414899230
69	360	duration	1415593723
69	361	done	1415638812
69	361	duration	1415638914
69	366	done	1416828933
69	367	duration	1416922048
69	367	done	1416922050
69	369	done	1418827038
69	369	duration	1418829761
69	376	done	1418829770
69	376	duration	1418832576
69	386	done	1418835581
69	386	duration	1418837377
69	402	done	1418840768
69	402	duration	1418843810
69	416	duration	1418892680
69	417	duration	1418892907
69	349	tag	1418893358
69	378	done	1418893377
69	378	duration	1418896054
69	381	done	1418896068
69	381	duration	1418898803
69	393	done	1418898815
69	393	duration	1418901533
69	391	duration	1418901845
69	392	duration	1418904176
69	394	done	1418904184
69	394	duration	1418907655
69	401	done	1418907664
69	401	duration	1418908367
69	430	watch	1419383128
70	358	done	1416395957
70	358	enter	1416395974
70	430	watch	1420618134
71	351	tag	1413363916
71	368	duration	1413965335
71	368	done	1413965336
71	369	duration	1413966168
71	369	done	1413966170
71	370	done	1413968917
71	374	done	1414123014
71	376	duration	1414128224
71	377	done	1414131106
71	375	duration	1414132549
71	378	done	1414135027
71	380	done	1414140341
71	380	duration	1414140349
71	358	done	1415685328
71	374	duration	1416444458
71	375	done	1416447558
71	376	done	1416450030
71	373	duration	1416472991
71	361	done	1416790689
71	358	enter	1416819875
71	381	done	1417403396
71	381	duration	1417403403
71	359	done	1417573951
71	359	duration	1417573955
71	361	duration	1417573994
71	362	done	1417574009
71	362	duration	1417574019
71	383	done	1418608378
71	383	duration	1418610825
71	377	duration	1418710338
71	360	done	1418779373
71	360	duration	1418779383
71	384	done	1418779434
71	384	duration	1418779442
71	385	done	1418779457
71	385	duration	1418779466
71	386	done	1418779484
71	386	duration	1418779495
71	408	done	1418779536
71	408	duration	1418779544
71	404	done	1418779570
71	404	duration	1418779580
71	389	done	1418779681
71	389	duration	1418779690
71	390	done	1418779707
71	390	duration	1418779713
71	363	done	1418885186
71	363	duration	1418885196
71	364	done	1418885229
71	364	duration	1418885239
71	365	done	1418885256
71	365	duration	1418885265
71	366	done	1418885292
71	366	duration	1418885301
71	367	done	1418885315
71	367	duration	1418885324
71	387	done	1419298189
71	387	duration	1419300953
71	388	done	1419300977
71	388	duration	1419303941
71	352	done	1420530541
71	352	duration	1420530548
71	430	watch	1420626865
71	349	tag	1421117939
72	358	enter	1416931045
72	358	done	1416931056
72	349	tag	1417006096
72	430	watch	1420679225
73	351	tag	1412346883
73	358	enter	1414897172
73	358	done	1414897180
73	360	done	1415190796
73	368	done	1417835553
73	369	done	1417838292
73	369	duration	1417841016
73	364	done	1418656754
73	381	done	1418734668
73	374	duration	1418739576
73	374	done	1418739580
73	380	duration	1418739628
73	390	duration	1418739648
73	362	duration	1418739669
73	364	duration	1418739690
73	368	duration	1418739997
73	349	tag	1418820299
73	403	done	1418820316
73	421	duration	1418820330
73	419	duration	1418820338
73	416	duration	1418820346
73	413	duration	1418820354
73	409	done	1418820362
73	409	duration	1418823500
73	410	done	1418823512
73	410	duration	1418826466
73	430	watch	1420368973
74	360	done	1417746115
74	366	done	1417747287
74	365	done	1417747899
74	367	done	1417749100
74	368	done	1417749806
74	359	done	1417858014
74	349	tag	1418091105
74	384	done	1418091401
74	361	duration	1418091456
74	362	done	1418091470
74	362	duration	1418093554
74	363	done	1418094036
74	363	duration	1418094764
74	364	done	1418094796
74	364	duration	1418095267
74	430	watch	1420372276
75	359	done	1413955901
75	372	tag	1415149359
75	372	done	1415149360
75	381	done	1415149371
75	361	done	1415156338
75	358	enter	1416451105
75	358	done	1416451121
75	349	tag	1418037769
75	360	done	1418037777
75	360	duration	1418039961
75	361	duration	1418039972
75	376	done	1418039984
75	385	done	1418041273
75	385	duration	1418041571
75	404	done	1418041577
76	355	done	1427033110
76	349	tag	1427114069
77	430	watch	1429594736
77	358	enter	1429605570
77	358	done	1429605584
77	349	tag	1429956842
78	349	tag	1427272104
78	430	watch	1429596923
78	358	enter	1429597953
78	358	done	1429597963
79	358	enter	1416448383
79	358	done	1416448398
79	349	tag	1417570461
79	373	done	1417570475
79	373	duration	1417573723
80	358	enter	1416397620
80	358	done	1416397653
80	349	tag	1419510507
80	430	watch	1420512213
81	361	done	1415417097
81	368	tag	1415417304
81	430	watch	1415710216
81	426	done	1415711333
81	358	done	1416405262
81	358	enter	1416405297
81	412	done	1416406641
81	418	done	1416406721
81	359	done	1417787419
81	359	duration	1417787423
81	360	done	1417787437
81	360	duration	1417787454
81	361	duration	1417787466
81	362	done	1417787481
81	362	duration	1417787536
81	363	done	1417787549
81	363	duration	1417787563
81	364	done	1417787575
81	364	duration	1417787581
81	365	done	1417787597
81	365	duration	1417787603
81	366	done	1417787617
81	366	duration	1417787688
81	367	done	1417787697
81	367	duration	1417787704
81	368	done	1417787715
81	368	duration	1417787718
81	369	done	1417874213
81	369	duration	1417874216
81	370	done	1417874229
81	370	duration	1417874233
81	371	done	1417874246
81	371	duration	1417874250
81	372	done	1417874265
81	372	duration	1417874269
81	373	done	1417874285
81	373	duration	1417874291
81	374	done	1417874305
81	374	duration	1417874310
81	375	done	1417874325
81	375	duration	1417874330
81	376	done	1417874342
81	376	duration	1417874345
81	377	done	1417874363
81	377	duration	1417874369
81	349	tag	1417874373
81	378	done	1417874385
81	378	duration	1417874393
82	360	duration	1415288175
82	359	done	1415882877
82	361	duration	1415884724
82	364	done	1415884741
82	364	duration	1415884745
82	374	done	1415886446
82	374	duration	1415886452
82	371	done	1415886457
82	368	done	1415886467
82	368	duration	1415886469
82	366	done	1415886598
82	366	duration	1415886601
82	363	duration	1415887028
82	369	done	1415887041
82	369	duration	1415887061
82	381	duration	1415887110
82	381	done	1415887112
82	379	done	1415888053
82	379	duration	1415888079
82	400	done	1415889905
82	359	duration	1415941721
82	360	done	1415944872
82	363	done	1416105123
82	365	duration	1416130416
82	365	done	1416130417
82	367	done	1416139082
82	349	tag	1416570988
82	358	enter	1416570997
82	358	done	1416571009
82	430	watch	1420774593
83	351	tag	1413337608
83	358	done	1416889052
83	358	enter	1416889203
83	349	tag	1418955397
84	351	tag	1413251210
84	380	duration	1413937166
84	381	duration	1413945050
84	382	done	1413950448
84	382	duration	1413950449
84	358	enter	1415291605
84	358	done	1415291618
84	430	watch	1415603720
84	400	done	1416644790
84	411	duration	1416789989
84	411	done	1416789992
84	412	done	1416801897
84	412	duration	1416801900
84	349	tag	1416874055
84	415	done	1416874062
84	416	done	1416874083
84	416	duration	1416874087
85	430	watch	1415370056
85	358	done	1415371168
85	358	enter	1415371198
85	363	duration	1415442416
85	363	done	1415442424
85	377	done	1415595500
85	361	done	1415643296
85	359	done	1415729298
85	359	duration	1415729299
85	360	done	1415729311
85	360	duration	1415729312
85	361	duration	1415729325
85	379	duration	1416051333
85	379	done	1416051532
85	380	duration	1416052282
85	349	tag	1416053658
85	372	done	1416056673
85	372	duration	1416056673
86	351	tag	1413339310
86	373	done	1414025430
86	373	duration	1414025430
86	379	tag	1414137298
86	366	done	1414236773
86	369	done	1414464480
86	430	watch	1414661857
86	359	duration	1414843937
86	358	enter	1414894279
86	358	done	1414894335
86	366	duration	1414896004
86	365	duration	1415151414
86	365	done	1415151414
86	349	tag	1415588101
87	351	tag	1413335149
87	430	watch	1415084519
87	358	enter	1416362037
87	358	done	1416362067
88	362	duration	1415924330
88	362	done	1415924338
88	363	duration	1415928238
88	364	done	1415928328
88	367	duration	1415928362
88	367	done	1415928364
88	369	duration	1415932038
88	369	done	1415932041
88	371	done	1416218468
88	374	done	1416220969
88	375	done	1416270653
88	375	duration	1416270653
88	358	enter	1416709584
88	358	done	1416709621
88	426	done	1416875892
88	426	watch	1416875895
88	349	tag	1417409204
88	430	watch	1421325765
89	430	watch	1415773160
89	358	enter	1415773587
89	358	done	1415773600
89	349	tag	1415774118
90	430	watch	1414509560
90	358	enter	1414510014
90	358	done	1414510025
91	430	watch	1416183349
91	358	enter	1416183578
91	358	done	1416183587
92	430	watch	1414647799
92	358	enter	1414648124
92	358	done	1414648141
92	349	tag	1414655299
93	349	tag	1416890954
93	430	watch	1416890966
93	358	enter	1416920213
93	358	done	1416920397
94	349	tag	1416627898
94	430	watch	1416627909
94	358	enter	1416641944
94	358	done	1416641950
95	348	tag	1409886310
95	350	tag	1410780208
95	351	tag	1413251431
95	408	done	1414193043
95	408	duration	1414193043
95	359	duration	1414329245
95	359	done	1414329249
95	361	duration	1415007468
95	361	done	1415007470
95	430	watch	1416201136
95	358	enter	1416208823
95	358	done	1416208842
95	349	tag	1420462137
96	349	tag	1428938032
96	358	enter	1429191282
96	430	watch	1429191415
97	351	tag	1411472127
97	365	duration	1414753886
97	367	duration	1414839676
97	430	watch	1415853849
97	358	enter	1415862500
97	358	done	1415862509
97	369	done	1418384306
97	370	done	1418384309
97	370	duration	1418386312
97	379	done	1418386322
97	380	duration	1419248369
97	405	duration	1419248381
97	349	tag	1419423572
98	351	tag	1413016093
98	430	watch	1414559505
98	358	enter	1414560414
98	358	done	1414560433
98	388	duration	1414561807
98	389	done	1414561870
98	391	done	1414561983
98	391	duration	1414561985
98	392	done	1414562059
98	393	done	1414562080
98	393	duration	1414562080
98	394	done	1414562109
98	399	duration	1414562348
98	403	duration	1414562545
98	404	done	1414562585
98	404	duration	1414562585
98	405	duration	1414562601
98	405	done	1414562781
98	407	duration	1414562867
98	407	done	1414562928
98	408	duration	1414562993
98	408	done	1414563047
98	409	done	1414647495
98	410	done	1414647521
98	410	duration	1414647523
98	411	duration	1414647529
98	411	done	1414647530
98	412	done	1414647546
98	413	done	1414647580
98	413	duration	1414647581
98	414	duration	1414647596
98	415	duration	1414647621
98	416	duration	1414647633
98	418	duration	1416805496
98	419	duration	1416805514
98	420	duration	1416805541
98	420	done	1416805541
98	421	duration	1416805547
98	349	tag	1416805548
98	421	done	1416805551
98	422	done	1416805562
98	422	duration	1416805568
99	355	done	1428041023
99	349	tag	1429843978
100	430	watch	1415065174
100	358	enter	1415065380
100	358	done	1415065388
101	358	enter	1417430968
101	358	done	1417430978
101	359	done	1417434506
101	359	duration	1417437739
101	365	done	1417437776
101	365	duration	1417440551
101	374	duration	1417441221
101	374	done	1417441228
101	370	done	1418040597
101	430	watch	1418040616
101	378	duration	1418368467
101	386	done	1418380753
101	386	duration	1418382536
101	388	done	1418385237
101	388	duration	1418388328
101	389	done	1418388345
101	389	duration	1418388971
101	378	done	1418389297
101	382	done	1418392002
101	390	done	1418392817
101	390	duration	1418393700
101	382	duration	1418971004
101	349	tag	1419148745
101	366	duration	1419148765
101	362	duration	1419148779
102	430	watch	1416393086
102	358	enter	1416393472
102	358	done	1416393484
103	351	tag	1413088084
103	363	done	1413764178
103	364	done	1413777618
103	364	duration	1413777629
103	365	done	1413798414
103	367	duration	1413815195
103	368	done	1413818869
103	369	duration	1413850142
103	369	done	1413864916
103	349	tag	1413885083
103	430	watch	1416364523
103	358	enter	1416927449
103	358	done	1416927575
104	430	watch	1415938104
104	358	enter	1415938867
104	358	done	1415938894
104	349	tag	1419685405
105	426	watch	1415780098
105	358	enter	1415781593
105	358	done	1415781600
105	364	done	1416335454
105	390	duration	1416754025
105	390	done	1416754025
105	373	done	1416938998
105	430	watch	1418265442
105	382	done	1418305720
105	382	duration	1418306889
105	413	duration	1418477312
105	414	duration	1418477325
105	420	duration	1418477334
105	400	done	1418477342
105	378	done	1418483045
105	378	duration	1418485715
105	418	duration	1418641236
105	398	done	1418641243
105	398	duration	1418644442
105	409	duration	1418726121
105	359	duration	1418726191
105	361	duration	1418734500
105	360	done	1418745276
105	360	duration	1418745389
105	368	done	1418822584
105	368	duration	1418824886
105	384	done	1418845758
105	384	duration	1418846095
105	373	duration	1419010827
105	371	duration	1419175580
105	364	duration	1419175590
105	349	tag	1420382760
105	355	done	1420382768
105	355	duration	1420383995
106	349	tag	1429520510
106	430	watch	1429602167
106	358	enter	1429944899
106	358	done	1429944966
107	430	watch	1429621441
107	358	enter	1429621700
107	358	done	1429621711
107	349	tag	1429795248
108	358	enter	1430018259
108	358	done	1430018271
108	349	tag	1430024956
109	349	tag	1429533731
110	425	done	1427768531
110	339	done	1429087807
110	339	duration	1429090478
110	340	done	1429090484
110	343	done	1429529379
110	430	watch	1429592187
110	358	enter	1429864194
110	358	done	1429864207
110	341	done	1429868084
110	349	tag	1429918236
111	424	done	1427937597
111	424	duration	1427937626
111	349	tag	1428046881
111	358	enter	1429686390
111	430	watch	1429765244
112	349	tag	1430048818
113	430	watch	1429240307
113	349	tag	1429485647
113	358	enter	1429686273
113	358	done	1429686288
114	352	done	1427162692
114	349	tag	1427172961
114	355	done	1427172984
114	354	done	1427174978
114	357	done	1427182437
115	425	duration	1428321808
115	425	done	1428327425
115	430	watch	1429702686
115	358	enter	1429703063
115	358	done	1429703077
115	349	tag	1429880979
116	430	watch	1429714659
116	358	enter	1429715601
116	358	done	1429715611
116	349	tag	1429884578
117	358	enter	1429936289
117	358	done	1429936337
118	430	watch	1429187025
118	358	enter	1429187251
118	358	done	1429187261
118	352	done	1429430117
118	352	duration	1429431749
118	425	done	1429483204
118	425	duration	1429484916
118	349	tag	1429499942
119	351	tag	1413331377
119	365	duration	1414192355
119	364	duration	1414278981
119	364	done	1414278987
119	367	done	1414452459
119	367	duration	1414452468
119	368	duration	1414452502
119	358	enter	1414672004
119	358	done	1414672051
119	377	done	1414713760
119	377	duration	1414713762
119	374	duration	1414797860
119	374	done	1414797862
119	375	done	1414797867
119	375	duration	1414797869
119	376	done	1414797877
119	376	duration	1414797879
119	396	duration	1415012523
119	381	duration	1415012568
119	395	done	1415054006
119	395	duration	1415054009
119	408	done	1415243079
119	408	duration	1415243079
119	409	duration	1415243090
119	409	done	1415243091
119	410	duration	1415243105
119	410	done	1415243109
119	411	duration	1415243115
119	373	done	1415531927
119	397	done	1415625811
119	397	duration	1415625814
119	399	duration	1415625843
119	415	done	1415953862
119	415	duration	1415953862
119	416	done	1415953866
119	385	done	1417218723
119	385	duration	1417218724
119	386	done	1417218733
119	386	duration	1417218734
119	387	done	1417218737
119	387	duration	1417218741
119	388	done	1417218743
119	389	done	1417218767
119	389	duration	1417218768
119	349	tag	1417482543
119	391	done	1417482554
119	391	duration	1417482556
119	411	done	1417482566
119	412	done	1417482572
119	413	duration	1417482579
119	420	duration	1417482584
119	430	watch	1429679110
120	358	enter	1417269394
120	358	done	1417269716
120	349	tag	1419307567
120	430	watch	1419308047
121	358	enter	1414909643
121	358	done	1414909663
121	359	done	1416136811
121	359	duration	1417099525
121	364	duration	1417100128
121	364	done	1417100141
121	360	duration	1417100160
121	365	duration	1417100203
121	368	duration	1417100254
121	349	tag	1417445209
121	430	watch	1419422785
122	426	done	1410416728
122	426	watch	1410416740
122	351	tag	1413332801
122	363	duration	1414281952
122	363	done	1414281952
122	359	done	1414305343
122	359	duration	1414305364
122	362	done	1414478505
122	362	duration	1414478507
122	366	done	1414478897
122	366	duration	1414478898
122	384	duration	1414478968
122	384	done	1414478968
122	364	duration	1414494652
122	364	done	1414494657
122	365	tag	1414494768
122	365	done	1414561121
122	365	duration	1414561129
122	367	duration	1414569173
122	367	done	1414569177
122	369	done	1414582965
122	370	done	1414584158
122	358	enter	1416361411
122	358	done	1416361418
122	422	duration	1417924381
122	349	tag	1419327259
122	430	watch	1419331126
123	358	enter	1417353196
123	358	done	1417353231
123	426	watch	1419337900
123	359	done	1419339471
123	359	duration	1419340842
123	359	tag	1419340849
123	349	tag	1419495900
123	430	watch	1419496389
124	430	watch	1415349271
124	358	enter	1415350757
124	358	done	1415350764
124	349	tag	1419255868
124	359	done	1419255874
124	359	duration	1419255877
125	351	tag	1410812334
125	358	enter	1417308158
125	358	done	1417308169
125	360	done	1417532145
125	361	duration	1417532174
125	368	done	1417532189
125	368	duration	1417532198
125	374	done	1417532249
125	374	duration	1417532252
125	378	done	1417532282
125	359	done	1417908733
125	363	done	1417908741
125	375	done	1417908750
125	384	done	1417908761
125	379	done	1417908769
125	393	done	1417908777
125	413	duration	1417908789
125	420	duration	1417908799
125	362	done	1417908809
125	349	tag	1418226127
125	430	watch	1419389285
126	358	enter	1415351684
126	358	done	1415351690
126	430	watch	1419220826
127	349	tag	1426729906
128	391	done	1426736212
128	392	done	1426736228
128	394	done	1426736248
128	396	done	1426736266
128	428	done	1426832785
128	355	done	1426856782
128	355	tag	1426856785
128	346	done	1426856843
128	346	tag	1426856846
128	352	duration	1427266473
128	352	done	1427266477
128	349	tag	1427267672
128	347	duration	1427267726
128	347	done	1427267728
128	427	duration	1427267733
128	427	done	1427267736
129	349	tag	1429145725
129	358	enter	1429516660
129	358	done	1429516680
129	430	watch	1429778410
130	351	tag	1413247090
130	349	tag	1414591852
130	359	done	1414591884
130	359	duration	1414591890
130	358	enter	1414752894
130	358	done	1414752935
130	430	watch	1419582608
131	351	tag	1413121610
131	364	done	1413888319
131	373	tag	1413889981
131	377	duration	1414503372
131	367	duration	1414681644
131	367	done	1414681644
131	360	done	1414848073
131	360	duration	1414848079
131	361	duration	1414849711
131	362	duration	1414849739
131	362	done	1414849742
131	364	duration	1414850384
131	358	enter	1414923580
131	358	done	1414923592
131	363	done	1414923651
131	363	duration	1414923653
131	361	done	1414924721
131	369	done	1414924797
131	369	duration	1414924804
131	381	done	1414924821
131	381	duration	1414924822
131	349	tag	1414932666
131	359	done	1414935448
131	359	duration	1414935450
131	430	watch	1419256867
132	349	tag	1414833945
132	358	enter	1414841097
132	358	done	1414841106
132	430	watch	1419496058
133	360	done	1413895420
133	360	duration	1413895421
133	361	done	1413897779
133	361	duration	1413897781
133	358	enter	1415623010
133	358	done	1415623072
133	359	duration	1416098846
133	359	done	1416643719
133	363	done	1416674460
133	363	duration	1416674496
133	364	done	1416675800
133	365	done	1416700166
133	369	duration	1416744887
133	407	done	1418437789
133	399	done	1418732377
133	399	duration	1418735644
133	423	done	1418735662
133	386	duration	1418738298
133	386	done	1418738310
133	430	watch	1419044177
133	349	tag	1422366107
134	350	tag	1413031302
134	351	tag	1413195432
134	349	tag	1414389156
134	358	enter	1414391991
134	358	done	1414392002
134	430	watch	1418956038
135	351	tag	1413267137
135	358	enter	1413269528
135	358	done	1413269543
135	430	watch	1418732847
136	358	enter	1416143852
136	358	done	1416143895
136	430	watch	1419433153
137	350	tag	1412685083
137	377	done	1413716367
137	381	done	1413717046
137	358	enter	1414911317
137	358	done	1414911411
137	388	duration	1416142687
137	388	done	1416142689
137	372	done	1417261816
137	372	duration	1417261819
137	380	done	1417262090
137	384	duration	1417263342
137	385	done	1418467289
137	416	duration	1418602699
137	417	duration	1418602705
137	418	duration	1418602711
137	419	duration	1418602717
137	409	done	1418602736
137	409	duration	1418603358
137	430	watch	1418732324
137	411	done	1418860984
137	412	done	1418860992
137	349	tag	1420290341
138	358	enter	1416030461
138	358	done	1416030467
138	430	watch	1419256900
139	359	done	1411870883
139	360	done	1411955383
139	360	duration	1411955393
139	361	done	1411979565
139	361	duration	1411979995
139	364	done	1412648082
139	364	duration	1412648139
139	365	done	1412671662
139	365	duration	1412671722
139	365	tag	1412671726
139	367	duration	1412734776
139	367	done	1412734790
139	369	duration	1412838539
139	350	tag	1413188467
139	358	enter	1413946765
139	358	done	1413946778
139	374	done	1416095058
139	372	duration	1416185333
139	372	done	1416185333
139	380	done	1416216518
139	381	done	1416264867
139	381	duration	1416264899
139	386	duration	1416278703
139	349	tag	1416357913
139	395	done	1416357921
139	402	tag	1416361476
139	402	done	1416361477
139	430	watch	1419584368
140	351	tag	1409618409
140	358	enter	1416734347
140	358	done	1416734356
140	364	duration	1417093516
140	360	done	1417344246
140	360	duration	1417344248
140	366	done	1417344702
140	430	watch	1419608557
140	344	duration	1419610132
140	349	tag	1420548238
141	358	enter	1416382704
141	358	done	1416382717
141	430	watch	1419477953
142	350	tag	1412420889
142	358	enter	1414414651
142	358	done	1414414664
142	349	tag	1415017337
142	430	watch	1417521393
143	358	enter	1416227200
143	358	done	1416227237
143	430	watch	1419232298
144	358	enter	1414918046
144	358	done	1414918060
144	430	watch	1417526069
144	349	tag	1417526309
144	359	done	1417526324
144	360	done	1417529416
145	353	done	1427637665
145	353	tag	1427637675
145	358	enter	1429106995
145	349	tag	1429755630
145	430	watch	1429755685
146	350	tag	1410185409
146	351	tag	1410185415
146	358	enter	1415586370
146	358	done	1415586381
146	430	watch	1419598253
146	349	tag	1419598341
147	349	tag	1430026235
147	430	watch	1430026242
147	358	enter	1430029773
147	358	done	1430029813
148	358	enter	1415084708
148	358	done	1415084747
148	359	done	1415085132
148	360	done	1415085249
148	360	duration	1415085250
148	381	duration	1415087215
148	366	done	1415210224
148	366	duration	1415210267
148	368	done	1415290610
148	368	duration	1415290678
148	364	done	1415369823
148	364	duration	1415369825
148	349	tag	1419426443
148	430	watch	1419602643
149	359	duration	1413766355
149	361	done	1415955208
149	358	enter	1416225984
149	358	done	1416225998
149	363	done	1416226089
149	363	duration	1417088648
149	359	done	1417235192
149	367	done	1417920370
149	367	duration	1417922957
149	369	done	1417922977
149	430	watch	1417934334
149	383	duration	1418710015
149	382	duration	1418710025
149	380	duration	1418710133
149	360	duration	1418979814
149	349	tag	1419262375
149	364	done	1419262383
149	362	done	1419262471
150	349	tag	1416788611
150	358	enter	1416788920
150	358	done	1416788962
150	430	watch	1418639195
151	349	tag	1429337704
151	430	watch	1429337711
151	358	enter	1429339760
151	358	done	1429339772
152	430	watch	1429078960
152	358	enter	1429087612
152	358	done	1429087624
153	349	tag	1429691349
153	358	enter	1429856693
153	430	watch	1429856747
154	349	tag	1429534337
154	430	watch	1429534360
154	358	enter	1429534465
154	358	done	1429534474
155	430	watch	1429767480
155	345	watch	1429770989
155	345	duration	1429770992
155	349	tag	1429773052
155	358	enter	1429880909
155	358	done	1429880914
156	337	duration	1426858015
156	349	tag	1429106945
156	430	watch	1429500108
156	358	enter	1429504811
156	358	done	1429504820
157	349	tag	1429076858
157	430	watch	1429076863
157	358	enter	1429080726
157	358	done	1429080789
158	426	watch	1409878522
158	349	tag	1410828450
158	350	tag	1410834821
158	351	tag	1412729461
158	358	done	1415153153
158	358	enter	1429081351
158	430	watch	1429081572
159	358	enter	1415604057
159	358	done	1415604067
159	349	tag	1416799292
159	430	watch	1419388682
160	351	tag	1413362518
160	375	duration	1413961424
160	375	done	1413961425
160	358	enter	1413961971
160	358	done	1413961991
160	371	done	1415276368
160	371	duration	1415276368
160	422	duration	1416208542
160	372	duration	1416402059
160	372	done	1416402060
160	369	done	1416741441
160	380	duration	1416748454
160	396	duration	1416799358
160	399	duration	1416799373
160	400	duration	1416799396
160	422	done	1416799420
160	382	done	1416917456
160	392	done	1418128438
160	392	duration	1418131061
160	430	watch	1419566426
160	349	tag	1424088621
161	348	tag	1411994944
161	358	enter	1414682191
161	358	done	1414682197
161	349	tag	1416500066
161	422	duration	1416500073
161	359	done	1416500085
161	360	done	1416500091
161	360	duration	1416500130
161	359	duration	1417301269
161	430	watch	1417676729
162	352	duration	1429824921
162	349	tag	1429859934
162	352	done	1429864375
163	358	enter	1417444303
163	358	done	1417444313
163	349	tag	1419581741
163	430	watch	1419581748
164	358	enter	1415006086
164	358	done	1415006093
164	430	watch	1419485101
165	358	enter	1416576650
165	358	done	1416576664
165	349	tag	1416576685
165	430	watch	1419397607
166	350	tag	1410396888
166	426	watch	1410481974
166	351	tag	1413339621
166	349	tag	1416184072
166	430	watch	1429077579
166	358	enter	1429082137
166	358	done	1429082147
167	360	duration	1416288488
167	358	enter	1416314889
167	358	done	1416314899
167	359	done	1418262067
167	359	duration	1418262109
167	349	tag	1418616131
167	430	watch	1418633501
168	358	enter	1429147353
168	349	tag	1429922868
169	430	watch	1427438370
169	349	tag	1428636636
170	352	done	1428134473
170	352	tag	1428135570
170	352	duration	1428136179
170	349	tag	1429190772
170	430	watch	1429531541
170	358	enter	1429535035
170	358	done	1429535049
171	358	enter	1416279984
171	358	done	1416279994
171	401	duration	1416971252
171	401	done	1416971253
171	430	watch	1420831308
171	349	tag	1424840870
172	358	enter	1429097331
172	349	tag	1429980322
173	349	tag	1427068968
173	430	watch	1429356040
173	358	enter	1430008643
173	358	done	1430008650
174	356	done	1416015024
174	359	tag	1416024157
174	359	done	1416031216
174	359	duration	1416031219
174	358	enter	1416032515
174	358	done	1416032539
174	370	done	1416036039
174	370	duration	1416036039
174	369	done	1416039108
174	371	duration	1417053403
174	371	done	1417053404
174	376	done	1417058932
174	376	duration	1417058932
174	430	watch	1417067066
174	364	done	1418256592
174	372	done	1418258870
174	349	tag	1419574551
174	355	done	1419574556
174	355	duration	1419575783
175	358	enter	1413975171
175	358	done	1413975182
175	360	done	1414200737
175	360	duration	1414200739
175	367	done	1414206788
175	381	duration	1414468735
175	359	tag	1414667899
175	405	tag	1414667932
175	405	duration	1414670204
175	405	done	1414670204
175	359	duration	1414986133
175	377	tag	1415007567
175	377	done	1415007569
175	377	duration	1415007573
175	389	duration	1415007580
175	396	done	1415007632
175	359	done	1415009520
175	361	duration	1415012066
175	388	done	1415100702
175	349	tag	1415359111
175	366	duration	1415359119
175	366	done	1415359119
175	426	watch	1417920260
175	430	watch	1419564817
176	349	tag	1416924849
176	430	watch	1417011478
176	358	done	1417011805
176	358	enter	1417011814
176	426	watch	1417953736
176	426	done	1417953785
177	359	done	1427269292
177	352	done	1427703696
177	352	duration	1427704233
177	358	enter	1429594677
177	349	tag	1429777554
178	351	tag	1413252667
178	369	done	1414654612
178	430	watch	1414741478
178	358	done	1415869891
178	349	tag	1417061819
178	359	done	1417061829
178	359	duration	1417061830
178	358	enter	1429164460
179	348	tag	1410614657
179	351	tag	1411463816
179	358	enter	1414125737
179	358	done	1414125749
179	349	tag	1418553993
179	430	watch	1418553998
180	351	tag	1413299950
180	430	watch	1413980052
180	358	enter	1413982383
180	358	done	1413982412
180	349	tag	1423183030
181	430	watch	1414485372
181	358	enter	1414485831
181	358	done	1414485839
181	349	tag	1414487171
181	359	duration	1414487177
181	363	duration	1414487185
181	363	done	1414487186
182	349	tag	1414464130
182	359	done	1414464139
182	360	duration	1414464140
182	361	done	1414464142
182	363	duration	1414464145
182	363	done	1414464147
182	430	watch	1414464889
182	358	enter	1414465040
182	358	done	1414465050
183	358	enter	1414484346
183	358	done	1414484352
183	360	done	1414484961
183	360	duration	1414484961
183	349	tag	1419228448
183	430	watch	1419228450
184	358	enter	1416453598
184	358	done	1416453617
184	426	watch	1417864468
184	349	tag	1418623127
184	430	watch	1418966102
185	349	tag	1429242456
186	426	done	1410076404
186	351	tag	1410584358
186	379	done	1412578779
186	379	duration	1412578786
186	375	duration	1412729818
186	377	duration	1412731160
186	417	duration	1412826142
186	419	duration	1412826166
186	358	enter	1413270676
186	358	done	1413270685
186	426	watch	1415605810
186	359	duration	1416377709
186	430	watch	1419327654
186	349	tag	1421656585
187	358	enter	1415968160
187	358	done	1415968167
187	430	watch	1419592197
188	355	done	1426906311
188	355	duration	1426906317
188	352	done	1426909926
188	352	duration	1426911578
188	425	done	1427022830
188	425	duration	1427022866
188	427	done	1427102745
188	427	duration	1427102852
188	347	done	1427103348
188	347	duration	1427104404
188	353	done	1427193256
188	353	duration	1427193442
188	349	tag	1427446485
188	430	watch	1429422992
188	358	enter	1429783957
188	358	done	1429783983
189	358	enter	1414485790
189	358	done	1414485797
189	430	watch	1421412482
190	359	done	1414997349
190	358	enter	1415062782
190	358	done	1415062811
190	349	tag	1421065943
190	430	watch	1429078064
191	358	enter	1417071515
191	358	done	1417071533
191	430	watch	1420598387
192	349	tag	1429698910
192	430	watch	1429698950
192	358	enter	1429709223
192	358	done	1429709239
193	349	tag	1407294578
193	351	tag	1407294602
193	358	enter	1414236194
193	358	done	1414236205
193	430	watch	1419756040
194	358	enter	1415927151
194	358	done	1415927157
194	430	watch	1420786003
195	375	done	1427941278
195	349	tag	1429175500
195	352	done	1429182509
195	352	duration	1429184186
195	358	enter	1429185388
195	430	watch	1429428852
196	430	watch	1416469137
196	358	enter	1416470369
196	358	done	1416470376
196	349	tag	1417336093
197	349	tag	1427706932
197	358	enter	1429091676
198	352	duration	1428898179
198	425	done	1428899784
198	425	duration	1428901565
198	346	done	1428912636
198	346	duration	1428914405
198	349	tag	1429175950
198	352	done	1429176115
198	358	enter	1429263280
198	430	watch	1429263328
199	351	tag	1412600746
199	358	enter	1414671542
199	358	done	1414671567
199	430	watch	1417955406
199	371	done	1419081650
199	371	duration	1419083417
199	372	done	1419083616
199	372	duration	1419085801
199	369	done	1419170546
199	369	duration	1419171877
199	359	duration	1419252230
199	349	tag	1419577584
200	359	done	1415191327
200	358	enter	1417172082
200	349	tag	1417172120
200	430	watch	1419631430
201	350	tag	1410666763
201	351	tag	1410836748
201	349	tag	1414053127
201	362	done	1414053413
201	362	duration	1414053414
201	359	duration	1414053628
201	359	done	1414053629
201	358	enter	1416973026
201	358	done	1416973032
201	430	watch	1418191711
202	349	tag	1429100308
203	358	enter	1416974456
203	358	done	1416974465
203	364	duration	1416974509
203	364	done	1416974511
203	360	done	1417495301
203	430	watch	1419604771
203	349	tag	1421376371
204	430	watch	1429365970
204	358	enter	1429367548
204	358	done	1429367603
204	349	tag	1429534277
205	359	done	1413976358
205	360	done	1413977770
205	360	duration	1413977775
205	391	tag	1414755755
205	391	done	1414755757
205	391	duration	1414755760
205	365	done	1414977379
205	365	duration	1414977381
205	373	duration	1414977418
205	358	done	1415012790
205	366	done	1415012869
205	366	duration	1415012870
205	367	done	1415016040
205	372	duration	1415109228
205	368	done	1415111484
205	368	duration	1415111486
205	381	done	1415234703
205	381	duration	1415234704
205	382	duration	1415234748
205	401	duration	1415234821
205	401	done	1415234822
205	361	duration	1415711093
205	361	done	1415711097
205	363	done	1415856512
205	349	tag	1416714749
205	386	tag	1416714759
205	386	done	1416714759
205	386	duration	1416714760
205	378	done	1416719685
205	378	duration	1416719685
205	430	watch	1417608396
205	358	enter	1429064963
206	349	tag	1428812245
206	430	watch	1429445537
207	358	enter	1415535976
207	358	done	1415535991
207	360	duration	1415536631
207	360	done	1415536632
207	377	duration	1419211536
207	361	duration	1419219690
207	362	done	1419219698
207	362	duration	1419222501
207	364	duration	1419225495
207	364	done	1419225501
207	372	done	1419225509
207	359	done	1419225598
207	430	watch	1419492479
207	349	tag	1420082703
208	430	watch	1415186995
208	358	enter	1415607158
208	358	done	1415607170
208	359	done	1415688175
208	349	tag	1416191687
209	340	done	1429066133
209	340	duration	1429068020
209	349	tag	1429427122
209	338	done	1429427895
209	358	enter	1429428033
209	358	done	1429428048
209	338	duration	1429429298
209	430	watch	1429521155
210	430	watch	1429706456
210	358	enter	1429707046
210	358	done	1429707059
210	349	tag	1430043153
211	352	done	1429250809
211	352	duration	1429250812
211	430	watch	1429616044
211	349	tag	1429625811
211	355	done	1429631574
212	349	tag	1413859511
212	358	enter	1415777157
212	358	done	1415777166
212	430	watch	1419242655
213	430	watch	1415438400
213	366	duration	1416135050
213	371	done	1416139951
213	371	duration	1416139952
213	373	done	1416145472
213	373	duration	1416145473
213	358	enter	1416229380
213	358	done	1416229426
213	370	done	1417015908
213	370	duration	1417015909
213	364	tag	1417361565
213	369	duration	1417361600
213	375	duration	1417361617
213	399	done	1417444245
213	388	done	1417445040
213	388	duration	1417445249
213	390	done	1417445266
213	391	duration	1417445732
213	391	done	1417445740
213	393	done	1417519488
213	393	duration	1417519489
213	379	done	1417522927
213	380	duration	1417523656
213	380	tag	1417523687
213	407	done	1417621178
213	407	duration	1417621391
213	408	done	1417623038
213	409	done	1417624112
213	409	duration	1417625212
213	369	done	1417692792
213	384	done	1417880504
213	384	duration	1417882164
213	383	done	1417882193
213	383	duration	1417882631
213	412	done	1417883754
213	359	done	1417884672
213	359	duration	1417884690
213	412	duration	1417884919
213	419	duration	1417931816
213	420	duration	1417931826
213	403	done	1417931834
213	403	duration	1417932338
213	376	done	1417963669
213	376	duration	1417964069
213	385	done	1417964079
213	385	duration	1417964194
213	380	done	1417964202
213	392	done	1417964738
213	392	duration	1417964914
213	375	done	1418132315
213	387	done	1418306180
213	387	duration	1418308822
213	368	done	1418394709
213	372	done	1418395791
213	372	duration	1418398355
213	378	done	1418398413
213	378	duration	1418399380
213	364	done	1418646105
213	364	duration	1418648152
213	349	tag	1418648159
213	401	done	1418648173
213	401	duration	1418650943
214	351	tag	1411973856
214	359	tag	1413891571
214	360	done	1413891619
214	360	duration	1413891622
214	359	done	1413891670
214	359	duration	1413891670
214	358	enter	1413894389
214	358	done	1413894402
214	349	tag	1419229858
214	430	watch	1419594178
215	360	duration	1415884779
215	360	tag	1415884780
215	361	duration	1415886361
215	361	done	1415886361
215	364	duration	1415887643
215	364	done	1415887648
215	367	done	1416236049
215	367	duration	1416236050
215	374	duration	1416236501
215	374	done	1416236502
215	372	done	1416237434
215	372	duration	1416237435
215	382	duration	1416237826
215	396	done	1416238680
215	396	duration	1416238680
215	402	duration	1416239090
215	402	done	1416239093
215	379	duration	1416465760
215	369	done	1416466222
215	369	duration	1416466222
215	370	done	1416468360
215	373	duration	1416470132
215	373	done	1416470133
215	379	done	1416470731
215	375	done	1416654663
215	375	duration	1416654664
215	359	duration	1416666209
215	359	done	1416666210
215	360	done	1416667305
215	358	enter	1416670218
215	358	done	1416670231
215	430	watch	1417827210
215	349	tag	1418225021
215	363	done	1418225029
215	363	duration	1418225407
216	350	tag	1412939342
216	351	tag	1413204142
216	371	duration	1414060680
216	368	duration	1414754460
216	368	done	1414754460
216	358	enter	1414755650
216	358	done	1414755669
216	365	duration	1414804683
216	362	duration	1414883611
216	363	duration	1414883617
216	367	duration	1414883628
216	364	done	1415015775
216	361	duration	1416574790
216	364	duration	1416575325
216	384	done	1416577882
216	384	duration	1416577882
216	388	done	1416709777
216	390	done	1416755273
216	390	duration	1416755278
216	430	watch	1417179735
216	383	done	1417703006
216	383	duration	1417705747
216	387	done	1417705930
216	417	duration	1418133247
216	412	done	1418133257
216	422	duration	1418396784
216	421	duration	1418396792
216	420	duration	1418396800
216	415	duration	1418396809
216	418	duration	1418648071
216	409	done	1418648076
216	416	duration	1418650266
216	408	done	1418650271
216	408	duration	1418650836
216	404	done	1418734042
216	404	duration	1418735575
216	349	tag	1418824184
216	374	done	1418824199
216	376	duration	1418826766
216	376	done	1418826773
217	358	enter	1414046668
217	358	done	1414046686
217	359	duration	1416408538
217	362	done	1416441408
217	362	duration	1416441527
217	359	done	1416441549
217	361	done	1416489977
217	361	duration	1416489978
217	360	done	1416490026
217	360	duration	1416490035
217	430	watch	1417606684
217	349	tag	1418018810
217	376	done	1418018826
217	376	duration	1418018838
218	358	enter	1416373210
218	358	done	1416373280
218	430	watch	1419562639
218	349	tag	1419578184
219	359	done	1413910527
219	360	duration	1413915981
219	360	done	1413991974
219	361	duration	1413993610
219	361	done	1413993619
219	362	done	1413994773
219	362	duration	1413994821
219	367	duration	1414934862
219	359	duration	1414934954
219	358	enter	1416327484
219	358	done	1416327542
219	367	done	1416505385
219	363	tag	1416565387
219	363	done	1416565390
219	364	duration	1416588726
219	365	done	1416590965
219	365	duration	1416591074
219	430	watch	1417192846
219	364	done	1417192904
219	366	done	1417195783
219	349	tag	1417198282
219	426	watch	1419439646
220	358	enter	1416209142
220	358	done	1416209153
220	359	duration	1416213543
220	359	done	1416666141
220	380	done	1416735176
220	380	duration	1416735178
220	377	done	1416738172
220	377	duration	1416738175
220	379	done	1417067988
220	387	done	1417074933
220	411	done	1419250484
220	416	duration	1419250628
220	362	duration	1419421955
220	347	done	1419422003
220	347	duration	1419422054
220	360	done	1419422915
220	360	duration	1419422978
220	361	done	1419422991
220	361	duration	1419423058
220	363	duration	1419423253
220	427	done	1419423331
220	427	duration	1419423511
220	364	duration	1419424719
220	362	done	1419424781
220	363	done	1419424809
220	364	done	1419426632
220	366	done	1419429656
220	366	duration	1419429667
220	365	done	1419429782
220	365	duration	1419430421
220	349	tag	1419522403
220	430	watch	1419522411
221	358	enter	1416535233
221	358	done	1416535240
221	361	duration	1418619523
221	360	duration	1418619916
221	349	tag	1419640800
221	430	watch	1420255450
222	358	enter	1416724883
222	358	done	1416724888
222	349	tag	1423116109
223	430	watch	1414395309
223	358	enter	1416722952
223	358	done	1416722956
223	349	tag	1423215815
224	430	watch	1415155164
224	358	enter	1416018999
224	358	done	1416019017
224	349	tag	1419956475
225	349	tag	1428111557
226	358	enter	1415515858
226	358	done	1415515871
226	349	tag	1418955522
226	430	watch	1419240794
227	430	watch	1415956697
227	358	enter	1416020792
227	358	done	1416020801
227	349	tag	1419411680
228	430	watch	1414466023
228	358	enter	1414897356
228	358	done	1414897363
228	349	tag	1418522926
229	430	watch	1429538177
229	349	tag	1429963159
229	358	enter	1429970457
229	358	done	1429970465
230	430	watch	1415082947
230	358	enter	1415246582
230	358	done	1415246597
230	349	tag	1417518871
231	430	watch	1416646233
231	358	enter	1416646665
231	358	done	1416646699
231	352	done	1427118656
231	352	duration	1427120361
231	425	done	1428849278
231	349	tag	1429102935
232	358	enter	1415343093
232	358	done	1415343100
232	430	watch	1420730722
232	349	tag	1420730737
233	349	tag	1427716055
233	358	enter	1429185016
234	358	enter	1416024172
234	358	done	1416024178
234	430	watch	1420379599
234	349	tag	1422183498
235	430	watch	1414735198
235	349	tag	1415333267
235	358	enter	1415846520
235	358	done	1415846523
236	358	enter	1416469367
236	358	done	1416469371
236	349	tag	1419222952
237	430	watch	1415154457
237	358	enter	1415157641
237	358	done	1415157651
237	349	tag	1417398959
238	358	enter	1415669567
238	358	done	1415669579
238	349	tag	1417343047
239	349	tag	1429082719
239	430	watch	1429444423
239	358	enter	1429444999
239	358	done	1429445018
240	358	enter	1429274728
240	430	watch	1429274829
240	349	tag	1429275061
240	342	done	1429275165
240	342	tag	1429276739
240	342	duration	1429276816
240	339	done	1429276884
240	339	tag	1429278196
240	339	duration	1429278219
241	430	watch	1429361907
241	358	enter	1429363362
241	358	done	1429363372
241	349	tag	1429980236
242	349	tag	1428674222
