1	305	watch	1406863244
1	172	done	1410874261
1	54	done	1410874265
1	54	duration	1410874275
1	314	done	1410913417
1	1	tag	1410925379
1	1	tag	1410925409
1	350	done	1410939372
1	352	done	1410939396
1	301	done	1410939461
1	301	duration	1410939464
1	302	done	1410939467
1	310	duration	1410939588
1	312	done	1410939590
1	312	duration	1410939836
1	337	done	1410940425
1	319	done	1411958091
1	311	watch	1411972330
1	302	watch	1411982845
1	305	duration	1411982914
1	302	duration	1411982914
1	336	done	1412729637
1	336	duration	1412729671
1	210	done	1412729702
1	210	duration	1412729721
1	341	duration	1413165465
1	343	done	1413165472
1	343	duration	1413165511
1	311	duration	1413166279
1	341	done	1414051253
1	321	watch	1414310106
1	323	watch	1415330409
1	300	watch	1415760805
1	323	duration	1415761901
1	294	watch	1415780164
1	295	watch	1415780165
1	35	watch	1415780165
1	35	duration	1415780165
1	297	watch	1415780165
1	316	done	1420680118
1	316	duration	1420681894
1	300	tag	1422085189
1	346	done	1422927909
1	346	duration	1422927911
1	218	done	1422927919
1	218	duration	1422928266
1	223	done	1426647888
1	223	duration	1426647894
1	323	done	1427164935
1	1	watch	1427178784
1	294	tag	1427761237
1	300	done	1428406840
1	300	duration	1428406887
1	306	done	1428406905
1	1	watch	1428407596
1	1	done	1428462539
1	172	duration	1428979893
1	311	done	1428999268
1	173	duration	1429000618
1	173	done	1429000624
1	310	done	1429000669
1	1	duration	1429001467
1	331	done	1429001585
1	1	duration	1429001911
1	321	done	1429002412
1	321	duration	1429002421
1	294	duration	1429482192
1	322	tag	1429495956
1	322	duration	1429496079
1	322	done	1429496081
1	295	done	1429522070
1	295	duration	1429522209
1	294	done	1429522215
1	297	duration	1429559369
1	297	done	1429600652
1	1	tag	1429618603
2	363	enter	1414994882
2	363	done	1414994895
2	1	tag	1429167921
2	1	watch	1429684938
3	363	enter	1414167044
3	363	done	1414167072
3	294	duration	1414167354
3	294	done	1414167356
3	173	done	1415964583
3	173	duration	1415964600
3	297	duration	1416631658
3	297	done	1416631658
3	322	done	1417179106
3	322	duration	1417179129
3	301	done	1417181605
3	311	duration	1417258966
3	311	done	1417258977
3	310	done	1418985497
3	1	watch	1419591117
3	1	tag	1419591124
3	295	done	1419591140
3	295	duration	1419593002
3	35	done	1419594813
3	35	duration	1419596727
4	363	enter	1416401988
4	363	done	1416402074
4	1	tag	1426846527
4	1	watch	1426846556
5	1	tag	1415533240
5	294	done	1415533253
5	294	duration	1415533253
5	363	enter	1415534508
5	363	done	1415534528
5	1	watch	1427458885
7	294	duration	1414824787
7	1	watch	1417244496
7	1	tag	1417244526
7	363	enter	1417246825
7	363	done	1417246874
8	294	tag	1425108221
8	295	tag	1425108772
8	295	duration	1425108776
8	35	done	1425108788
8	35	duration	1425111961
8	297	tag	1425112502
8	298	done	1425112526
8	298	tag	1425112938
8	298	duration	1425112941
8	54	tag	1425113302
8	300	done	1425113325
8	300	tag	1425113695
8	300	duration	1425113698
8	301	done	1425113729
8	301	tag	1425114056
8	301	duration	1425114061
8	302	done	1425114082
8	302	tag	1425114450
8	302	duration	1425114454
8	303	done	1425114471
8	303	tag	1425114824
8	303	duration	1425114827
8	304	tag	1425115178
8	305	tag	1425115623
8	306	done	1425115658
8	306	tag	1425116126
8	306	duration	1425116131
8	315	done	1425116176
8	315	tag	1425116536
8	315	duration	1425116540
8	312	done	1425116555
8	312	tag	1425116897
8	312	duration	1425116901
8	294	done	1429925212
8	295	done	1429925666
8	1	tag	1429926170
8	297	done	1429926180
8	54	done	1429926654
8	294	duration	1429927150
8	304	done	1429927191
8	305	done	1429927604
8	297	duration	1429928082
8	54	duration	1429928678
8	304	duration	1429929090
8	305	duration	1429930182
8	321	done	1429930537
8	321	duration	1429933911
10	1	watch	1427199051
10	1	tag	1427199059
10	300	done	1427199077
10	300	tag	1427199090
11	1	tag	1415846641
11	363	done	1415846648
11	363	enter	1415847229
11	363	done	1415847237
12	1	tag	1409819539
12	363	enter	1416012052
12	363	done	1416012069
12	1	watch	1417335204
12	1	tag	1418108916
13	363	duration	1416025249
13	363	enter	1416718448
13	363	done	1416718459
13	1	tag	1416718536
13	1	watch	1419556942
14	1	tag	1415789622
14	363	enter	1416475374
14	363	done	1416475381
14	1	watch	1416740092
15	294	duration	1429581382
15	295	duration	1429583799
15	35	duration	1429584903
15	297	duration	1429587234
15	298	tag	1429588580
15	298	duration	1429588589
15	363	enter	1429621736
15	294	done	1429621863
15	295	done	1429622984
15	1	watch	1429623533
15	35	done	1429625462
15	297	done	1429626508
15	298	done	1429628861
15	300	duration	1429754676
15	300	done	1429794732
15	1	tag	1429797896
16	294	tag	1428370108
16	294	duration	1428370742
16	295	tag	1428372196
16	323	duration	1428377263
16	322	done	1428714003
16	322	duration	1428714993
16	172	done	1428715000
16	172	duration	1428715714
16	343	done	1428715729
16	310	tag	1429555175
16	298	duration	1429667532
16	1	done	1429671825
16	1	done	1429672078
16	1	tag	1429672119
16	1	duration	1429673624
16	1	duration	1429673887
16	341	duration	1429673905
16	298	done	1429708978
16	341	done	1429713928
16	350	duration	1429736092
16	351	duration	1429736092
16	301	done	1429744782
16	1	tag	1429772647
16	351	done	1429772658
16	350	done	1429772668
17	1	tag	1416276708
17	363	enter	1416467310
17	363	done	1416467318
17	1	watch	1420936374
18	1	done	1407652095
18	1	watch	1407652098
18	1	tag	1407976964
18	1	tag	1407978430
19	1	tag	1409025317
19	1	tag	1409053766
19	363	enter	1412900386
19	1	tag	1414370273
19	1	watch	1414370294
20	1	duration	1429666790
20	1	tag	1429707066
20	1	done	1429707073
20	1	tag	1429707273
21	321	done	1427932960
21	321	tag	1427934166
21	321	duration	1427934428
21	322	done	1427934443
21	322	tag	1427937708
21	322	duration	1427937732
21	323	done	1427937742
21	323	tag	1427939535
21	323	duration	1427940023
21	324	done	1428019231
21	324	duration	1428020651
21	172	done	1428022114
21	172	tag	1428022593
21	172	duration	1428022691
21	173	done	1428022703
21	173	duration	1428023775
21	331	done	1428023815
21	331	tag	1428025008
21	331	duration	1428025081
21	336	tag	1429068034
21	332	done	1429141516
21	332	tag	1429141740
21	332	duration	1429141781
21	341	done	1429148590
21	341	duration	1429148647
21	341	tag	1429148649
21	1	tag	1429485476
21	336	done	1429488804
21	336	duration	1429488806
21	337	done	1429489826
21	337	duration	1429491599
21	338	done	1429491698
21	338	duration	1429492585
21	210	done	1429494645
21	210	duration	1429494648
21	339	done	1429494654
21	339	duration	1429495777
22	363	enter	1414471307
22	363	done	1414471322
22	1	watch	1420022100
22	1	tag	1420022190
22	1	watch	1420815975
23	363	done	1415518890
23	363	enter	1415518899
23	1	watch	1415519043
23	363	done	1420632248
23	1	tag	1420632829
23	1	watch	1420807732
24	1	watch	1408669579
24	1	done	1410921709
24	1	done	1410921765
24	1	duration	1410921770
24	315	done	1410921787
24	1	tag	1410921855
24	1	tag	1410921861
24	363	done	1410921887
25	332	done	1427961083
25	332	duration	1427962340
25	294	done	1428930291
25	294	duration	1428931410
25	298	done	1428931419
25	183	done	1428991323
25	183	duration	1428992338
25	331	duration	1429464753
25	341	duration	1429466169
25	361	duration	1429466887
25	331	done	1429504873
25	361	done	1429507560
25	336	done	1429508284
25	310	done	1429576030
25	218	done	1429577799
25	310	duration	1429579610
25	218	duration	1429580494
25	341	done	1429582092
25	300	done	1429836423
25	302	done	1429837535
25	350	done	1429838705
25	300	duration	1429839355
25	302	duration	1429840137
25	350	duration	1429841773
25	1	watch	1429978548
25	363	enter	1429978690
25	1	tag	1429978737
25	321	done	1429978743
25	321	duration	1430023780
26	294	done	1426659034
26	294	tag	1426659060
26	310	done	1427097472
26	311	done	1427097483
26	328	done	1427788416
26	332	done	1428136185
26	332	duration	1428137899
26	203	done	1428137904
26	203	duration	1428139275
26	363	enter	1429276986
26	183	done	1429450289
26	183	duration	1429451124
26	303	done	1429578505
26	305	done	1429578513
26	308	done	1429578518
26	350	done	1429578527
26	351	duration	1429747808
26	353	duration	1429750814
26	1	tag	1429787482
26	351	done	1429787488
26	353	done	1429789106
27	1	tag	1429597286
27	1	watch	1429597288
27	363	enter	1429597823
27	363	done	1429597841
29	1	tag	1412308879
29	1	tag	1412308894
29	363	enter	1413993083
29	363	done	1413993099
29	294	done	1415416618
29	294	duration	1415416621
29	295	done	1415885416
29	295	duration	1415885561
29	311	duration	1416157298
29	35	done	1417700899
29	35	duration	1417701843
29	298	duration	1417747399
29	297	duration	1417789650
29	297	done	1417789652
29	298	done	1417793482
29	301	done	1417862474
29	302	done	1417871310
29	54	done	1417874481
29	303	done	1417874649
29	300	done	1417875087
29	305	done	1417875131
29	307	done	1417875154
29	306	done	1417875220
29	308	done	1417875576
29	312	duration	1417967271
29	313	duration	1417969593
29	310	duration	1418023138
29	310	done	1418023264
29	311	done	1418023736
29	312	done	1418029589
29	1	tag	1418029831
29	316	done	1418029896
29	313	done	1418029918
29	314	done	1418030744
29	1	watch	1418090820
30	363	enter	1416984205
30	363	done	1416984217
30	1	watch	1419646373
30	1	tag	1424142996
31	363	done	1413867424
31	1	tag	1417577198
31	1	watch	1419262938
31	363	enter	1429062804
32	1	tag	1416394578
32	363	enter	1416824573
32	363	done	1416824647
32	1	watch	1419420624
33	1	tag	1413967455
33	1	watch	1414892055
33	363	enter	1414892424
33	363	done	1414892457
34	1	tag	1414994383
34	363	enter	1414996158
34	363	done	1414996170
34	1	watch	1420682324
35	1	tag	1415239452
35	298	duration	1415240500
35	233	done	1415243254
35	233	duration	1415243256
35	1	watch	1415753838
35	363	enter	1416365805
35	363	done	1416365825
35	1	watch	1419776941
36	1	watch	1412836794
36	1	watch	1414982677
36	363	enter	1416821741
36	363	done	1416821847
37	363	enter	1416313147
37	363	done	1416313152
37	1	tag	1416358593
37	1	watch	1420375731
38	1	watch	1416204646
38	363	enter	1416288234
38	363	done	1416288250
38	1	tag	1416366059
39	363	enter	1416288581
39	363	done	1416288590
39	1	tag	1416366264
39	1	watch	1420884118
40	1	watch	1414486342
40	1	done	1415684488
40	1	watch	1415684490
40	363	enter	1416289480
40	363	done	1416289487
40	1	tag	1416468805
41	1	watch	1415257269
41	1	tag	1416358806
41	363	enter	1416366692
41	363	done	1416366707
41	1	watch	1419341538
42	1	watch	1415064524
42	363	enter	1416366842
42	363	done	1416366869
42	1	tag	1416534469
43	1	watch	1415276441
43	363	enter	1416366993
43	363	done	1416367008
43	1	tag	1416534793
44	363	enter	1416289218
44	363	done	1416289226
44	1	tag	1416469858
44	1	watch	1420874579
45	294	duration	1417677910
45	294	done	1420469619
45	294	tag	1420469864
45	295	done	1420553435
45	295	tag	1420560032
45	295	duration	1420560185
45	35	done	1420640010
45	35	tag	1420640875
45	35	duration	1420641368
45	297	done	1420642682
45	297	tag	1420643459
45	1	watch	1420975127
45	302	done	1422197039
45	302	tag	1422197434
45	302	duration	1422197887
45	303	done	1422282146
45	303	tag	1422283307
45	303	duration	1422284106
45	313	done	1422970738
45	313	tag	1422972366
45	313	duration	1422973471
45	298	done	1427443266
45	298	tag	1427445794
45	298	duration	1427446696
45	300	done	1427529278
45	300	tag	1427530452
45	300	duration	1427531776
45	1	tag	1427698590
45	301	done	1427698628
45	301	tag	1427703219
45	301	duration	1427705037
46	1	tag	1409711941
46	1	tag	1413249624
46	363	done	1413942567
46	294	duration	1414382398
46	294	done	1414382400
46	295	done	1414385125
46	35	done	1414389029
46	297	done	1414396789
46	298	done	1414399709
46	298	duration	1414399709
46	300	duration	1414470438
46	300	done	1414470439
46	301	duration	1414475331
46	301	done	1414475331
46	1	watch	1416449785
46	1	tag	1416903228
46	1	done	1417053721
46	1	watch	1429071214
46	363	enter	1429071537
47	363	enter	1415255794
47	363	done	1415256235
47	301	done	1415325943
47	301	duration	1415325943
47	1	tag	1416447980
47	1	watch	1419216701
48	363	enter	1414465039
48	363	done	1414465046
48	1	watch	1419297116
48	1	tag	1419300726
48	294	done	1419300747
48	294	duration	1419301861
49	294	duration	1413188286
49	294	done	1413188292
49	1	tag	1413193529
49	300	done	1415167980
49	300	duration	1415167981
49	302	duration	1415173345
49	302	done	1415173346
49	303	duration	1415176431
49	303	done	1415176432
49	305	duration	1415177276
49	305	done	1415177276
49	306	done	1415263434
49	363	enter	1416189202
49	363	done	1416189270
49	1	tag	1418090560
49	1	watch	1419216824
49	1	watch	1419488642
50	1	watch	1416276515
50	363	enter	1416277381
50	363	done	1416277387
50	1	tag	1416277527
52	294	done	1425132991
52	311	tag	1427287042
52	313	done	1427288763
52	310	done	1429059661
52	310	duration	1429061438
52	1	tag	1429279238
52	311	done	1429279282
52	311	duration	1429281064
52	312	done	1429281082
52	312	duration	1429282654
52	1	watch	1429571374
52	363	enter	1429572712
52	363	done	1429572730
53	1	watch	1429893474
53	1	tag	1429893505
53	294	duration	1429895274
53	363	enter	1429895524
53	295	duration	1429895547
54	1	tag	1427445245
54	300	done	1427445265
54	300	duration	1427445280
54	1	watch	1429761848
54	363	enter	1429762331
54	363	done	1429762343
55	298	done	1413801089
55	298	duration	1413801090
55	300	done	1413801227
55	301	duration	1413808561
55	301	done	1413808565
55	305	tag	1414328905
55	305	duration	1414328905
55	308	done	1414335611
55	308	duration	1414335615
55	1	watch	1414495487
55	363	enter	1414495975
55	363	done	1414496012
55	310	done	1414496243
55	321	done	1419850302
55	321	duration	1419851783
55	322	done	1419851795
55	322	duration	1419852776
55	1	tag	1419852789
55	323	done	1419852802
56	300	duration	1415150620
56	301	done	1416206881
56	301	duration	1416206900
56	1	watch	1416365061
56	363	enter	1416453541
56	363	done	1416453552
56	1	tag	1417159735
57	1	tag	1413271312
57	1	watch	1415929829
57	363	enter	1416474051
57	363	done	1416474055
57	1	tag	1419821985
58	1	watch	1416451507
58	363	enter	1416453927
58	363	done	1416453944
58	1	tag	1417179285
59	363	enter	1416453690
59	363	done	1416453707
59	1	tag	1417264410
59	1	watch	1418989596
60	363	enter	1416453617
60	363	done	1416453644
60	1	tag	1417264508
60	1	watch	1418005373
61	300	done	1428454491
61	300	duration	1428454594
61	302	done	1428456332
61	294	done	1428456633
61	294	duration	1428456642
61	302	duration	1428457181
61	303	done	1428458185
61	303	tag	1428458680
61	303	duration	1428461175
61	351	done	1428539455
61	351	duration	1428540060
61	1	tag	1428627270
61	332	duration	1428706999
61	332	done	1428707005
62	294	done	1412910306
62	294	duration	1412910324
62	1	tag	1412910344
62	295	done	1412911596
62	295	duration	1412911613
62	35	done	1412914714
62	297	done	1412916402
62	300	done	1413103883
62	300	duration	1413103967
62	301	done	1413105008
62	306	duration	1413268292
62	306	done	1413268294
62	307	done	1413270053
62	311	done	1413288036
62	312	duration	1413289806
62	302	duration	1414222684
62	302	done	1414222684
62	303	duration	1414222688
62	303	done	1414222691
62	305	duration	1414386928
62	305	done	1414386928
62	310	done	1414392426
62	310	duration	1414744149
62	311	duration	1414745998
62	312	done	1414749874
62	363	enter	1415005685
62	363	done	1415005719
62	313	done	1415005755
62	313	duration	1415005755
62	316	duration	1415163715
62	316	done	1415515675
62	317	duration	1415522612
62	317	done	1415522612
62	314	duration	1415530647
62	321	duration	1415536728
62	323	done	1416128342
62	322	duration	1416135538
62	324	done	1416395700
62	324	duration	1416395751
62	327	done	1416399767
62	327	duration	1416399774
62	329	duration	1416400899
62	187	duration	1416401937
62	187	done	1416404843
62	329	done	1416624719
62	331	done	1416630178
62	331	duration	1416630286
62	332	done	1416631461
62	332	duration	1416631532
62	203	duration	1416648409
62	336	done	1416649729
62	336	duration	1416649889
62	333	duration	1416720393
62	333	done	1416721535
62	203	done	1416722980
62	337	done	1416744684
62	337	duration	1416744696
62	338	done	1416747178
62	338	duration	1416747188
62	341	duration	1416749297
62	341	done	1416787158
62	1	tag	1417678903
62	350	done	1417678935
62	350	duration	1417680169
62	351	done	1417680187
62	351	duration	1417680765
62	352	done	1417680807
62	352	duration	1417681899
62	353	done	1417681917
62	353	duration	1417683011
62	354	done	1417683533
62	354	duration	1417684027
62	357	done	1417684092
62	357	duration	1417684880
62	361	done	1417684897
62	361	duration	1417685605
62	359	done	1417685618
62	359	duration	1417686097
62	290	done	1417686113
62	290	duration	1417686829
62	360	done	1417687734
62	360	duration	1417688642
62	1	watch	1419594146
63	321	duration	1427265274
63	1	tag	1427283227
63	1	duration	1427283238
63	1	done	1427283251
63	295	duration	1429657055
63	1	tag	1429697584
63	295	done	1429697600
64	363	enter	1416397350
64	363	done	1416397359
64	1	tag	1417961437
64	1	watch	1420594472
65	294	done	1415579718
65	363	enter	1415586186
65	363	done	1415586200
65	295	done	1415586237
65	35	done	1415587236
65	54	duration	1415613756
65	54	done	1415613757
65	300	done	1415614841
65	301	duration	1415616621
65	301	done	1415667322
65	302	tag	1415668997
65	302	duration	1415668998
65	302	done	1415668999
65	303	done	1415671000
65	304	done	1415671846
65	305	done	1415672839
65	305	duration	1415672840
65	310	done	1415684422
65	312	duration	1415690245
65	313	done	1415691281
65	314	done	1415694931
65	314	duration	1415694932
65	321	done	1415842879
65	321	duration	1415842882
65	172	done	1415847832
65	172	duration	1415847833
65	173	duration	1415848611
65	173	done	1415848612
65	327	duration	1415849743
65	327	done	1415849745
65	328	done	1415851087
65	328	duration	1415851090
65	329	done	1415853139
65	331	done	1415855419
65	331	duration	1415855424
65	336	duration	1415929206
65	336	done	1415929206
65	337	done	1415930594
65	337	duration	1415930596
65	1	tag	1415931853
65	341	done	1415931862
65	341	duration	1415931862
65	1	watch	1416379873
66	1	tag	1409673571
66	1	duration	1414852443
66	342	duration	1414852453
66	363	enter	1414897143
66	363	done	1414897163
66	322	duration	1414897408
66	310	duration	1415102601
66	310	done	1415102602
66	300	tag	1416715970
66	300	done	1416715972
66	315	done	1416845305
66	312	done	1416846435
66	312	duration	1416846435
66	336	done	1417008131
66	210	done	1417011726
66	314	done	1417103849
66	314	duration	1417103852
66	322	done	1417230643
66	323	duration	1417232192
66	1	tag	1417236343
66	290	duration	1417238511
66	290	done	1417238512
66	357	duration	1417239227
66	361	duration	1417239234
66	359	duration	1417239245
66	359	done	1417239248
66	357	done	1417239267
66	341	duration	1417239283
66	1	watch	1420368986
67	336	done	1426766615
67	336	duration	1426767917
67	337	done	1426768813
67	337	duration	1426770023
67	338	done	1426770053
67	338	duration	1426770925
67	210	done	1426771255
67	210	duration	1426772790
67	339	done	1426772819
67	339	duration	1426773916
67	341	done	1426774200
67	341	duration	1426774313
67	1	tag	1426853787
67	350	done	1426853807
67	350	duration	1426855041
67	351	done	1426855047
67	351	duration	1426855624
67	352	done	1426855633
67	352	duration	1426856723
67	353	done	1426856733
67	353	duration	1426857829
67	1	watch	1430051808
68	294	done	1427279561
68	294	duration	1427279887
68	295	done	1427279894
68	295	duration	1427280344
68	35	done	1427281164
68	35	duration	1427282337
68	297	done	1427282345
68	297	duration	1427283581
68	297	tag	1427283583
68	300	done	1427546964
68	300	tag	1427547258
68	300	duration	1427548069
68	301	done	1427759145
68	301	duration	1427761172
68	305	done	1427761187
68	310	done	1428280736
68	310	duration	1428282516
68	311	done	1428282526
68	311	duration	1428284225
68	312	done	1428284849
68	312	duration	1428285926
68	321	done	1428539257
68	321	duration	1428541594
68	322	done	1428541601
68	322	duration	1428542695
68	323	done	1428542705
68	323	duration	1428545072
68	324	done	1428545098
68	324	duration	1428548102
68	172	done	1428548112
68	173	duration	1428559903
68	187	done	1428561154
68	187	duration	1428562071
68	173	done	1429000642
68	327	duration	1429000669
68	327	done	1429000673
68	331	done	1429094962
68	331	duration	1429094989
68	332	done	1429094993
68	332	duration	1429095059
68	333	done	1429095106
68	333	duration	1429095233
68	203	done	1429095238
68	203	duration	1429095288
68	334	done	1429095323
68	334	duration	1429095428
68	337	done	1429095560
68	337	duration	1429095620
68	338	done	1429095635
68	338	duration	1429095707
68	210	tag	1429095827
68	341	done	1429095836
68	341	duration	1429095879
68	1	tag	1429136394
68	336	done	1429136401
68	336	duration	1429136415
68	210	done	1429136420
68	210	duration	1429136423
68	350	done	1429136431
68	350	duration	1429136447
68	351	done	1429136453
68	351	duration	1429136465
68	1	watch	1429604617
68	363	enter	1429605544
68	363	done	1429605562
69	300	done	1425113990
69	300	duration	1425115366
69	294	done	1425263523
69	295	done	1425263679
69	295	duration	1425266698
69	310	done	1426661422
69	310	duration	1426663202
69	311	done	1426663216
69	1	tag	1426668658
69	301	done	1426668690
69	305	tag	1426669585
69	305	duration	1426670361
69	302	done	1426670380
69	302	duration	1426670677
69	1	watch	1429581707
69	363	enter	1429582602
69	363	done	1429582614
70	302	done	1428542216
70	302	duration	1428542231
70	300	done	1429858206
70	1	tag	1429858214
70	300	duration	1429858219
70	1	done	1429858222
70	1	duration	1429858224
71	357	duration	1415416758
71	357	done	1415416759
71	321	duration	1415416877
71	321	done	1415416877
71	322	done	1415416897
71	322	duration	1415416900
71	324	duration	1415416911
71	300	duration	1415710415
71	329	duration	1415710479
71	329	done	1415710479
71	363	duration	1415710542
71	363	done	1415710543
71	1	done	1415711309
71	1	watch	1416404719
71	363	enter	1416405246
71	363	done	1416405251
71	307	tag	1416406233
71	351	done	1416406461
71	351	duration	1416406481
71	334	done	1416406541
71	334	duration	1416406564
71	1	watch	1416487656
71	304	done	1416490064
71	310	done	1416492115
71	310	duration	1416492118
71	298	done	1417787165
71	298	duration	1417787197
71	54	done	1417787207
71	54	duration	1417787241
71	300	done	1417787251
71	301	done	1417787289
71	301	duration	1417787306
71	303	done	1417787336
71	303	duration	1417787350
71	294	done	1417873268
71	294	duration	1417873271
71	295	done	1417873284
71	295	duration	1417873288
71	35	done	1417873299
71	35	duration	1417873302
71	297	done	1417873316
71	297	duration	1417873319
71	302	done	1417874415
71	302	duration	1417874419
71	306	done	1417874430
71	306	duration	1417874438
71	307	done	1417874453
71	307	duration	1417874459
71	313	done	1417874472
71	313	duration	1417874478
71	173	done	1417874489
71	173	duration	1417874498
71	319	done	1417874510
71	319	duration	1417874516
71	1	tag	1417874521
71	162	done	1417874529
71	162	duration	1417874535
72	295	done	1415190088
72	295	duration	1415190205
72	350	duration	1415432524
72	35	done	1415433719
72	297	done	1415436172
72	297	tag	1415436178
72	297	duration	1415436183
72	308	done	1415440096
72	119	done	1415441407
72	119	duration	1415441409
72	357	done	1415447172
72	357	duration	1415447174
72	361	done	1415448115
72	363	done	1415449573
72	363	duration	1415449591
72	233	done	1415450482
72	233	duration	1415450490
72	331	duration	1415581630
72	203	duration	1415581641
72	300	duration	1415670717
72	300	done	1415672871
72	310	done	1415752330
72	294	done	1415799020
72	294	duration	1415799026
72	310	duration	1415799744
72	173	done	1415799860
72	173	duration	1415799865
72	1	tag	1415800785
72	336	duration	1415800813
72	351	duration	1415801134
72	351	done	1415801146
72	359	done	1415801647
72	359	duration	1415801652
72	352	done	1415802053
72	352	duration	1415802214
72	363	enter	1416570904
72	363	done	1416570916
72	1	watch	1420775279
73	1	tag	1413337601
73	363	enter	1416971511
73	363	done	1416971525
73	1	tag	1423534844
74	1	tag	1417178999
74	1	watch	1417179646
74	363	enter	1417261852
74	363	done	1417261858
75	1	tag	1412842933
75	306	done	1413721930
75	307	done	1413781318
75	307	duration	1413781323
75	119	duration	1413791162
75	310	done	1413792790
75	311	done	1413863988
75	311	duration	1413863989
75	312	done	1413878254
75	313	duration	1413881563
75	363	enter	1415291578
75	363	done	1415291590
75	1	watch	1415603664
75	341	done	1416181663
75	353	duration	1416196523
75	353	done	1416196529
75	351	duration	1416199809
75	351	done	1416199810
75	354	duration	1416207056
75	352	duration	1416208586
75	352	done	1416208590
75	233	duration	1416208612
75	233	tag	1416208620
75	233	done	1416208620
75	1	tag	1416289700
75	357	done	1416289719
76	294	tag	1413694917
76	295	done	1413694938
76	297	duration	1413694976
76	297	tag	1413694983
76	300	duration	1413888828
76	321	duration	1413888834
76	331	duration	1413888844
76	331	done	1413888846
76	363	done	1413888859
76	363	duration	1413888861
76	297	done	1413888890
76	1	watch	1415370024
76	317	done	1415370124
76	317	duration	1415370125
76	363	done	1415371153
76	363	enter	1415371194
76	350	duration	1415371224
76	322	duration	1415371227
76	322	done	1415371233
76	357	duration	1415371243
76	310	done	1415442237
76	310	duration	1415442251
76	294	duration	1415442258
76	350	done	1415442271
76	333	done	1415442312
76	333	duration	1415442315
76	173	duration	1415502291
76	173	done	1415502292
76	336	done	1415502319
76	341	done	1415502352
76	341	tag	1415502354
76	341	duration	1415502355
76	351	duration	1415502358
76	351	done	1415502360
76	294	done	1415595132
76	301	done	1415595144
76	301	duration	1415595144
76	311	done	1415595167
76	311	duration	1415595167
76	361	tag	1415595355
76	361	done	1415595356
76	321	done	1415595387
76	361	duration	1415595400
76	1	tag	1415595411
77	1	tag	1413332020
77	336	done	1413763951
77	336	duration	1413763972
77	355	done	1414379168
77	355	duration	1414379170
77	361	done	1414459165
77	322	done	1414459200
77	187	duration	1414498962
77	314	done	1414655016
77	172	duration	1414896068
77	363	duration	1414896076
77	363	done	1414896080
77	301	done	1414996116
77	301	duration	1414996119
77	203	duration	1415154136
77	203	done	1415154138
77	1	watch	1415580458
77	363	enter	1415587210
77	363	done	1415587255
77	1	tag	1416269474
78	1	tag	1413330024
78	1	tag	1413765196
78	346	duration	1413765211
78	1	watch	1416363477
78	363	enter	1416533511
78	363	done	1416533520
79	1	tag	1410930504
79	300	duration	1415842107
79	298	tag	1415847879
79	298	done	1415847899
79	298	duration	1415847928
79	306	done	1415852578
79	306	duration	1415852584
79	339	done	1415854691
79	339	duration	1415854781
79	357	done	1415862035
79	162	done	1415863196
79	162	duration	1415863229
79	359	done	1415865981
79	359	duration	1415865996
79	311	done	1415866002
79	329	done	1415871087
79	329	duration	1415871274
79	334	done	1415872954
79	334	duration	1415873042
79	363	enter	1416709424
79	363	done	1416709457
79	1	done	1416875709
79	1	watch	1416875712
79	1	tag	1417409211
79	1	watch	1421325746
80	1	watch	1415772308
80	363	enter	1415773003
80	363	done	1415773055
80	1	tag	1417071595
81	1	tag	1414506777
81	1	watch	1414508975
81	363	enter	1414509496
81	363	done	1414509503
84	1	watch	1416627809
84	1	tag	1416641842
84	363	enter	1416641926
84	363	done	1416641937
85	363	enter	1415626425
85	363	done	1415626433
85	1	tag	1417009085
85	294	done	1417009097
85	294	duration	1417009100
85	295	done	1417010233
85	1	watch	1421287342
86	1	tag	1408107229
86	1	done	1409620715
86	1	tag	1409704051
86	363	enter	1412909247
86	1	watch	1412909434
86	1	tag	1417354337
87	294	done	1428925463
87	1	tag	1428937008
87	35	done	1428937020
87	35	duration	1428938019
87	363	enter	1429191225
87	1	watch	1429191322
88	294	done	1427888096
88	294	duration	1427889238
88	295	done	1427889666
88	295	duration	1427892313
88	35	done	1427892373
88	35	duration	1427894323
88	297	done	1427894339
88	297	duration	1427896658
88	298	done	1427896671
88	298	duration	1427898798
88	54	done	1427898811
88	54	duration	1427900058
88	300	done	1428113713
88	300	duration	1428114817
88	301	done	1428114831
88	301	duration	1428116654
88	302	done	1428116665
88	305	done	1428123946
88	305	duration	1428126746
88	306	done	1428126767
88	306	duration	1428127727
88	307	done	1428127754
88	307	duration	1428129815
88	308	done	1428129831
88	119	done	1428131733
88	119	duration	1428132883
88	310	done	1428132911
88	310	duration	1428134690
88	311	done	1428134702
88	311	duration	1428136403
88	312	done	1428137394
88	312	duration	1428138364
88	314	done	1428138376
88	314	duration	1428139793
88	315	done	1428139804
88	315	duration	1428140932
88	316	done	1428140943
88	316	duration	1428142646
88	317	done	1428142661
88	317	duration	1428143713
88	318	done	1428143727
88	319	done	1428147637
88	319	duration	1428149644
88	162	done	1428149655
88	162	duration	1428150553
88	321	done	1428150571
88	321	duration	1428152159
88	322	done	1428152168
88	322	duration	1428153147
88	323	done	1428153157
88	323	duration	1428156045
88	324	done	1428156053
88	324	duration	1428157480
88	172	done	1428157492
88	172	duration	1428158068
88	173	done	1428201043
88	173	duration	1428202117
88	327	done	1428202126
88	327	duration	1428203538
88	328	done	1428203554
88	328	duration	1428205463
88	329	done	1428205477
88	329	duration	1428206694
88	187	done	1428206708
88	187	duration	1428207740
88	331	done	1428207758
88	331	duration	1428209208
88	332	done	1428209220
88	332	duration	1428210483
88	333	done	1428210494
88	333	tag	1428211406
88	333	duration	1428212449
88	334	done	1428212461
88	334	duration	1428214144
88	203	done	1428214159
88	203	duration	1428215524
88	336	done	1428223599
88	336	tag	1428223613
88	336	duration	1428225156
88	337	done	1428225217
88	337	duration	1428226357
88	338	done	1428226470
88	339	done	1428289145
88	339	duration	1428290244
88	210	done	1428290259
88	210	duration	1428291866
88	341	done	1428291883
88	341	duration	1428293355
88	342	done	1428293365
88	342	duration	1428296088
88	343	done	1428296117
88	343	duration	1428297587
88	344	done	1428297622
88	344	duration	1428299046
88	183	done	1428299060
88	183	duration	1428299917
88	346	done	1428299942
88	346	duration	1428300612
88	223	done	1428300624
88	223	duration	1428301819
88	218	done	1428301835
88	218	duration	1428302714
88	233	done	1428302726
88	233	duration	1428303379
88	350	done	1428303402
88	350	duration	1428304780
88	351	done	1428304795
88	351	duration	1428305634
88	352	done	1428317316
88	352	duration	1428318407
88	353	done	1428318423
88	353	duration	1428319522
88	354	done	1428319573
88	354	duration	1428320072
88	355	done	1428320095
88	355	duration	1428320855
88	356	done	1428320886
88	356	duration	1428321624
88	357	done	1428321643
88	357	duration	1428322471
88	361	done	1428322494
88	361	duration	1428323207
88	359	done	1428323219
88	359	duration	1428323700
88	360	done	1428323715
88	1	tag	1428406727
88	361	done	1428406751
88	361	duration	1428407653
88	290	done	1428407663
88	290	duration	1428408381
88	363	done	1428408395
88	363	duration	1428409928
89	1	done	1429844038
89	1	done	1429844052
89	294	tag	1430062397
89	1	tag	1430063986
89	294	done	1430063998
90	295	duration	1429463410
90	35	duration	1429465666
90	298	duration	1429469840
90	300	duration	1429471344
90	302	duration	1429474779
90	363	enter	1429498764
90	294	done	1429500958
90	295	done	1429502205
90	294	duration	1429503990
90	1	watch	1429504411
90	35	done	1429505744
90	297	done	1429507086
90	1	tag	1429511286
90	298	done	1429511298
90	300	done	1429511308
90	301	done	1429512755
90	302	done	1429515402
90	1	done	1429516187
91	1	tag	1412063748
91	310	watch	1412780883
91	310	duration	1412781133
91	1	watch	1413992828
92	300	tag	1413019891
92	301	duration	1413020757
92	301	done	1413020760
92	1	tag	1413100387
92	1	tag	1413100413
93	1	tag	1417329617
93	363	enter	1417330676
93	363	done	1417331338
93	1	watch	1419421010
94	298	duration	1428842197
94	300	done	1428896525
94	306	done	1428896579
94	312	done	1428937878
94	173	done	1428937929
94	203	done	1428938262
94	357	done	1428985127
94	361	done	1428985143
94	359	done	1428985154
94	350	done	1428985165
94	351	done	1428985173
94	352	done	1428985205
94	322	done	1429005413
94	336	done	1429071167
94	341	done	1429071186
94	331	done	1429071310
94	332	done	1429071339
94	338	done	1429071402
94	337	done	1429071446
94	294	done	1429071550
94	35	done	1429071570
94	363	done	1429156784
94	334	done	1429156812
94	301	done	1429274116
94	310	done	1429274134
94	311	done	1429274146
94	316	done	1429274165
94	328	done	1429274342
94	319	done	1429274379
94	297	done	1429359743
94	298	done	1429359757
94	305	done	1429359788
94	307	done	1429359796
94	313	done	1429359814
94	318	done	1429359831
94	323	done	1429359854
94	297	duration	1429556116
94	54	duration	1429556132
94	1	tag	1429597519
94	295	done	1429597531
94	295	tag	1429597536
94	297	done	1429597540
94	297	tag	1429597543
94	54	done	1429597557
94	1	done	1429597566
94	363	enter	1429597671
95	1	tag	1424996019
95	341	done	1424996057
95	341	tag	1424996062
95	341	duration	1424996064
95	294	done	1424996072
95	294	tag	1424996080
95	294	duration	1424996087
95	295	done	1424996094
95	295	duration	1424996103
95	35	done	1424996113
95	35	duration	1424996126
95	297	done	1424996134
95	297	duration	1424996149
95	298	done	1424996166
95	298	duration	1424996176
95	300	done	1424996188
95	300	tag	1424996202
95	300	duration	1424996208
95	301	done	1424996221
95	301	duration	1424996228
95	302	done	1424996241
95	302	duration	1424996255
95	303	done	1424996263
95	303	duration	1424996293
95	305	done	1424996305
95	305	duration	1424996334
95	306	done	1424996341
95	306	duration	1424996379
95	307	done	1424996389
95	307	duration	1424996418
95	308	done	1424996426
95	119	done	1424996446
95	119	duration	1424996455
95	310	done	1424996464
95	310	duration	1424996471
95	311	done	1424996505
95	311	duration	1424996521
95	312	done	1424996528
95	312	duration	1424996536
95	313	done	1424996550
95	313	duration	1424996559
95	314	done	1424996565
95	314	duration	1424996586
95	162	done	1424996592
95	162	tag	1424996597
95	162	duration	1424996600
95	316	done	1424996648
95	316	duration	1424996663
95	317	done	1424996675
95	317	duration	1424996683
95	319	done	1424996697
95	319	duration	1424996704
95	321	done	1424996714
95	321	duration	1424996721
95	322	done	1424996730
95	322	duration	1424996740
95	323	done	1424996752
95	323	duration	1424996759
95	324	done	1424996767
95	324	duration	1424996775
95	172	done	1424996782
95	172	duration	1424996797
95	173	done	1424996807
95	173	duration	1424996840
95	327	done	1424996854
96	363	enter	1415523123
96	363	done	1415523135
96	1	tag	1415526781
96	1	watch	1429875806
97	1	tag	1409878641
97	1	tag	1411872275
97	1	watch	1415585187
97	1	tag	1416122168
97	363	enter	1416840112
97	363	done	1416844658
98	1	tag	1408937225
98	1	tag	1421025685
98	300	done	1421025715
98	300	tag	1421025877
98	300	duration	1421025881
98	233	done	1421025899
98	233	tag	1421025900
99	1	tag	1411220089
99	1	tag	1413208895
99	295	duration	1414060841
99	297	duration	1414064650
99	363	enter	1415627342
99	363	done	1415627377
99	1	watch	1419044366
99	294	done	1421240297
99	294	duration	1421241529
99	295	done	1421241556
99	1	tag	1421676587
99	341	done	1421676599
99	341	duration	1421679720
101	363	enter	1416048430
101	363	done	1416048443
101	1	tag	1419172244
101	1	watch	1419212781
104	1	tag	1412346156
104	172	done	1416128221
104	332	done	1416131136
104	203	done	1416132630
104	203	duration	1416132677
104	338	duration	1416136298
104	339	done	1416137931
104	339	duration	1416137934
104	363	enter	1416661515
104	363	done	1416661580
104	333	done	1416838877
104	333	duration	1416838879
104	1	tag	1418467314
104	233	done	1418467338
104	233	duration	1418467985
104	183	done	1418468000
104	183	duration	1418468868
104	218	done	1418468883
104	218	duration	1418469767
104	350	done	1418469786
104	350	duration	1418471022
104	1	duration	1418471036
104	1	done	1418471042
104	352	done	1418471062
104	352	duration	1418472152
104	353	duration	1418472405
104	353	done	1418472412
104	1	done	1418473300
104	1	duration	1418473551
104	351	done	1418475221
104	1	watch	1418732093
105	363	enter	1416030448
105	363	done	1416030455
105	1	tag	1418488617
105	1	watch	1419256921
106	1	tag	1411433237
106	363	enter	1413247681
106	363	done	1413247708
106	341	done	1415491140
106	233	done	1415492887
106	233	duration	1415492889
106	187	done	1415495207
106	327	done	1415496947
106	187	duration	1415498696
106	351	tag	1415539016
106	313	done	1415838353
106	312	duration	1415840580
106	312	done	1415840598
106	316	duration	1415841883
106	316	done	1415841885
106	297	done	1416011708
106	297	duration	1416011715
106	297	tag	1416011719
106	319	done	1416019287
106	1	tag	1416033728
106	338	duration	1416035513
106	1	watch	1419584169
107	1	tag	1409618364
107	310	duration	1416234051
107	363	enter	1416734319
107	363	done	1416734339
107	306	duration	1419175844
107	301	duration	1419176698
107	300	done	1419607101
107	1	watch	1419607120
107	300	duration	1419608430
107	301	done	1419608460
107	327	done	1420376205
107	332	done	1420381892
107	332	duration	1420383637
107	322	done	1420805208
107	322	duration	1420806598
107	323	duration	1420808919
107	323	done	1420808923
107	172	done	1420808955
107	172	duration	1420809529
107	341	done	1420809647
107	341	duration	1420811049
107	1	tag	1420811117
107	350	done	1420811150
107	350	duration	1420816224
108	1	watch	1416381159
108	363	enter	1416384214
108	363	done	1416384229
108	1	tag	1418968922
109	307	done	1426935868
109	308	done	1426998297
109	308	tag	1426998440
109	308	duration	1426999673
109	316	tag	1427001913
109	333	duration	1427001966
109	333	done	1427002031
109	298	done	1427549696
109	298	tag	1427549704
109	1	tag	1427604534
109	310	done	1427604556
109	310	tag	1427604567
109	310	duration	1427606353
109	311	done	1427606439
109	311	tag	1427607133
109	311	duration	1427608671
109	313	tag	1427608757
109	313	duration	1427608835
109	328	done	1427611213
109	328	tag	1427611282
109	363	enter	1429106982
109	1	watch	1429755170
111	308	done	1426677806
111	308	duration	1426679047
111	323	done	1426679075
111	323	duration	1426681360
111	313	done	1426684022
111	313	duration	1426685625
111	341	done	1426685649
111	341	duration	1426687036
111	1	tag	1426687047
111	321	done	1426687059
111	321	duration	1426688700
111	363	enter	1429095768
111	1	watch	1429870031
112	1	tag	1426654061
112	300	done	1426654105
112	1	watch	1430026154
112	363	enter	1430029712
112	363	done	1430029727
113	1	tag	1414469228
113	294	duration	1414469418
113	295	done	1414471209
113	295	duration	1414471209
113	1	watch	1414471342
113	363	done	1414490944
113	363	enter	1414490951
115	1	watch	1409793939
115	294	done	1411724707
115	294	duration	1411725142
115	363	enter	1415604020
115	363	done	1415604046
115	1	tag	1416798800
115	1	watch	1419388705
116	1	watch	1429275627
116	363	enter	1429276133
116	295	duration	1429907727
116	35	duration	1429908910
116	297	duration	1429911331
116	298	duration	1429913727
116	54	duration	1429914829
116	300	tag	1429914844
116	300	duration	1429916377
116	301	duration	1429918057
116	302	duration	1429918867
116	303	duration	1429919745
116	305	duration	1429922558
116	1	tag	1429946716
116	295	done	1429946768
116	35	done	1429949392
116	297	done	1429950569
116	298	done	1429955383
116	54	done	1429956482
116	300	done	1429956498
116	301	done	1429958036
116	302	done	1429959724
116	303	done	1429960527
116	305	done	1429961418
117	294	done	1428806618
117	294	duration	1428808673
117	295	done	1428808680
117	295	duration	1428811336
117	35	done	1428811345
117	35	duration	1428812882
117	297	done	1428812891
117	297	duration	1428814003
117	298	done	1428814017
117	298	duration	1428815117
117	310	done	1428815128
117	310	duration	1428816235
117	317	done	1428816274
117	1	tag	1428833623
117	233	done	1428833628
117	233	duration	1428834878
117	218	done	1428834898
117	218	duration	1428835593
117	332	done	1428835604
117	332	duration	1428836272
118	1	tag	1429187053
118	1	watch	1429676254
118	363	enter	1429677465
118	363	done	1429677479
119	1	tag	1409103941
119	1	watch	1411371522
119	1	tag	1411435374
119	1	done	1412840975
119	363	enter	1413161665
119	1	tag	1413161731
119	1	tag	1413161739
119	1	watch	1417930352
120	1	tag	1407575411
120	1	watch	1416746024
120	363	enter	1416761279
120	363	done	1416761486
120	1	watch	1418553022
121	1	tag	1412128078
121	294	done	1412128112
121	1	tag	1412129246
121	1	tag	1412129250
121	1	watch	1417743863
122	363	enter	1416885571
122	363	done	1416885635
122	1	tag	1417663447
122	1	watch	1419333421
123	1	tag	1413790156
123	363	done	1413790611
123	1	watch	1416885201
123	363	enter	1416917777
124	1	tag	1416973313
124	363	enter	1416973567
124	363	done	1416973582
124	1	watch	1420782269
126	363	enter	1416736029
126	363	done	1416736044
126	1	tag	1417453297
126	294	done	1417453312
126	1	watch	1420462275
127	1	tag	1413722890
127	336	done	1413722904
127	363	enter	1416370412
127	363	done	1416370438
127	1	watch	1420714273
128	363	enter	1413174397
128	363	done	1413174409
128	1	tag	1417525821
128	1	watch	1419678190
129	300	done	1416011511
129	300	duration	1416011556
129	300	tag	1416011557
129	301	done	1416013359
129	334	done	1416016494
129	294	duration	1416961472
129	294	done	1416961477
129	363	enter	1416961701
129	363	done	1416961710
129	35	duration	1416963938
129	35	done	1416963947
129	297	done	1416965678
129	297	duration	1416965731
129	1	watch	1417067140
129	1	tag	1418257873
129	359	done	1418257882
129	359	duration	1418258848
130	1	tag	1410949696
130	301	done	1413889212
130	310	duration	1413890912
130	303	duration	1413971967
130	303	done	1413971967
130	321	duration	1413973904
130	363	enter	1413975153
130	363	done	1413975165
130	350	tag	1414142050
130	350	duration	1414142071
130	183	duration	1414147182
130	183	done	1414147183
130	346	duration	1414147635
130	316	tag	1414151769
130	218	done	1414151898
130	350	done	1414151926
130	317	done	1414415669
130	317	duration	1414415676
130	297	duration	1414581197
130	297	done	1414581198
130	300	duration	1414662233
130	301	duration	1414663153
130	119	done	1414670784
130	1	tag	1417949538
130	1	watch	1417949565
130	1	watch	1419564836
131	1	tag	1417010220
131	1	watch	1417011867
131	363	enter	1417012182
131	363	done	1417012190
131	1	done	1417953604
131	1	watch	1417953607
132	300	done	1416968812
132	300	duration	1416968840
132	363	enter	1416972763
132	363	done	1416972771
132	1	tag	1416984286
132	363	duration	1416984465
132	1	watch	1418200227
133	342	done	1427269164
133	344	done	1427269185
133	297	done	1427349334
133	297	duration	1427351375
133	1	tag	1427853754
133	300	done	1427853767
133	300	duration	1427854789
133	301	done	1427854800
133	363	enter	1429594624
134	300	done	1429060539
134	301	done	1429060954
134	35	done	1429062007
134	297	done	1429062413
134	298	done	1429063310
134	305	done	1429063808
134	319	done	1429064364
134	328	done	1429078361
134	336	done	1429079848
134	336	duration	1429081150
134	332	done	1429081161
134	332	duration	1429082420
134	338	tag	1429087278
134	338	done	1429087283
134	351	done	1429087844
134	354	done	1429087850
134	363	done	1429087884
134	312	done	1429095745
134	162	done	1429142027
134	162	duration	1429142918
134	324	done	1429144382
134	324	duration	1429145945
134	334	tag	1429148302
134	172	done	1429157827
134	323	done	1429157834
134	323	tag	1429158170
134	323	duration	1429160898
134	173	done	1429160917
134	173	duration	1429161987
134	334	done	1429161996
134	334	duration	1429163705
134	210	done	1429168734
134	361	done	1429487819
134	361	duration	1429488282
134	1	tag	1429488286
134	183	done	1429488293
134	183	duration	1429489447
134	233	done	1429489464
134	233	duration	1429490109
134	203	done	1429490333
134	203	duration	1429491733
134	187	done	1429491750
134	187	duration	1429493053
134	331	done	1429493067
134	331	duration	1429494327
134	352	done	1429494338
134	352	duration	1429495454
134	290	done	1429495464
134	1	watch	1429508668
134	363	enter	1429776224
134	363	done	1429776230
135	1	tag	1414461583
135	1	watch	1414463160
135	363	enter	1414464539
135	363	done	1414464565
136	294	done	1425266895
136	295	done	1425271557
136	295	duration	1425274300
136	35	done	1425274317
136	297	done	1425279201
136	298	done	1425281906
136	162	done	1426684340
136	162	duration	1426685242
136	321	done	1426685254
136	321	duration	1426685863
136	1	tag	1426768465
136	322	done	1426768481
136	322	duration	1426769442
136	323	done	1426769458
136	323	duration	1426771790
137	294	done	1427088922
137	294	duration	1427089007
137	295	done	1427089024
137	295	duration	1427090458
137	321	done	1427339517
137	321	duration	1427339621
137	210	done	1427340413
137	210	duration	1427340440
137	336	done	1427340459
137	336	duration	1427340462
137	341	done	1427340472
137	173	done	1427863507
137	173	duration	1427863981
137	327	done	1427863989
137	327	duration	1427864407
137	314	done	1428473878
137	162	done	1428473906
137	162	duration	1428474419
137	361	done	1428485140
137	361	duration	1428485583
137	310	done	1428551329
137	310	duration	1428552428
137	351	done	1428561084
137	351	duration	1428561706
137	352	done	1428561714
137	352	duration	1428562747
137	290	done	1428562757
137	290	duration	1428563778
137	333	done	1428564965
137	333	duration	1428566422
137	323	done	1428625741
137	323	duration	1428627564
137	172	done	1428627571
137	172	duration	1428628219
137	183	done	1428628237
137	183	duration	1428629352
137	322	done	1428895016
137	322	duration	1428896689
137	328	done	1428915535
137	328	duration	1428917247
137	1	tag	1428976902
137	313	done	1428976913
138	1	tag	1410047771
138	1	tag	1410748183
138	295	done	1411004971
138	295	tag	1411005053
138	295	duration	1411005206
138	301	done	1411025542
138	301	duration	1411025544
138	303	duration	1411028217
138	336	duration	1411278636
138	361	duration	1411436790
138	359	duration	1411437499
138	359	done	1411437504
138	290	done	1411437992
138	363	done	1411439615
138	350	duration	1411441221
138	322	done	1411522267
138	363	done	1413705978
138	363	enter	1413789518
138	1	watch	1419327641
138	363	duration	1420858243
138	341	duration	1420859744
138	290	tag	1421227922
138	187	duration	1421633504
138	331	tag	1421634277
138	331	duration	1421635142
138	332	duration	1421636927
138	333	duration	1421638669
138	333	tag	1421638697
138	1	tag	1421805405
138	352	duration	1421806505
138	353	duration	1421807628
138	354	duration	1421808130
138	357	duration	1421810969
138	290	duration	1421811513
139	294	done	1413703347
139	300	done	1414411035
139	1	tag	1414411067
139	1	watch	1416376587
139	363	enter	1416379533
139	363	done	1416379546
140	1	tag	1413276487
140	363	enter	1413707642
140	363	done	1413707647
140	1	watch	1413792850
140	1	watch	1419304796
141	294	done	1418013753
141	294	duration	1418013773
141	1	tag	1418013880
141	297	done	1418013896
141	297	duration	1418013916
142	1	tag	1412504544
142	294	done	1412504585
142	297	done	1412504634
142	294	duration	1412504650
142	1	tag	1417680017
143	1	tag	1415964332
143	363	enter	1415965008
143	363	done	1415965028
143	1	watch	1419592553
144	1	watch	1417320145
144	1	tag	1417320239
144	363	enter	1417320434
144	363	done	1417320452
145	1	tag	1416727976
145	363	enter	1416728739
145	363	done	1416728807
145	1	watch	1421393921
146	1	tag	1413265430
146	1	done	1413267123
146	1	duration	1413267123
146	1	done	1414410223
146	1	watch	1414410235
146	363	enter	1414593199
146	363	done	1414593205
146	1	tag	1421211003
146	1	tag	1421211006
146	1	watch	1421211384
147	1	tag	1410315261
147	363	enter	1414485775
147	363	done	1414485780
147	1	watch	1421411717
148	1	tag	1411356947
148	1	tag	1411356972
148	1	done	1412831570
148	1	watch	1412831579
148	1	tag	1413096573
149	363	enter	1413670969
149	363	done	1413670990
149	1	watch	1426750027
149	1	tag	1429842193
149	54	done	1429842217
149	54	tag	1429842413
149	54	duration	1429843419
149	300	done	1429843460
149	300	duration	1429844563
150	1	tag	1412899520
150	1	watch	1412900910
150	363	enter	1416463994
150	363	done	1416464029
150	327	done	1416464088
150	327	duration	1416464149
150	1	tag	1416464196
150	351	done	1416464206
151	1	tag	1412899328
151	1	tag	1413857182
151	363	done	1416463008
151	1	watch	1421125825
151	363	enter	1429069232
152	1	tag	1415757283
152	363	enter	1416215048
152	363	done	1416215065
152	1	watch	1420681767
153	1	tag	1411018779
153	1	tag	1411018796
153	1	done	1416445503
153	363	enter	1416470007
153	363	done	1416470017
153	331	done	1418952299
153	331	duration	1418953562
153	332	done	1418953576
153	332	duration	1418954835
153	334	done	1418954848
153	1	tag	1418960298
153	1	watch	1420789506
153	1	watch	1420791354
154	1	watch	1416470260
154	363	enter	1416471766
154	363	done	1416471771
154	1	tag	1417336074
155	1	watch	1416467497
155	363	enter	1416536532
155	363	done	1416536535
155	1	tag	1422591482
156	294	done	1427900420
156	294	tag	1427901573
156	294	duration	1427901778
156	1	tag	1427901792
157	363	enter	1416452587
157	1	watch	1416452778
157	295	duration	1417075028
157	295	done	1417075037
157	1	tag	1418710943
157	310	done	1418710963
157	310	duration	1418712745
157	311	done	1418712782
157	311	duration	1418714484
157	312	done	1418714530
157	312	duration	1418715502
157	313	done	1418715532
159	321	duration	1427377230
159	361	done	1427457095
159	361	tag	1427457776
159	361	duration	1427459105
159	310	duration	1427460090
159	336	duration	1427806500
159	233	duration	1427810085
159	331	done	1428281513
159	331	duration	1428281562
159	173	duration	1428588000
159	1	tag	1428733736
159	339	done	1428733744
159	339	duration	1428734860
159	323	done	1428734884
159	323	duration	1428737175
159	357	done	1428737190
159	357	duration	1428738792
160	1	tag	1427514799
160	321	done	1427514828
160	321	duration	1427516397
160	363	enter	1429187467
161	294	done	1425043559
161	294	duration	1425044156
161	310	done	1427719296
161	310	duration	1427720558
161	321	done	1428064281
161	321	duration	1428065213
161	173	done	1428717506
161	173	duration	1428718587
161	328	done	1428718595
161	328	duration	1428719232
161	329	done	1428719239
161	329	duration	1428719453
161	1	watch	1429365944
161	363	enter	1429366906
161	363	done	1429366938
161	322	duration	1429579484
161	1	tag	1429619994
161	322	done	1429620013
163	301	duration	1426649123
163	302	done	1426659222
163	302	duration	1426662106
163	306	done	1426662123
163	306	duration	1426662192
163	307	done	1426664527
163	307	duration	1426667205
163	308	done	1426667214
163	310	done	1426833516
163	310	duration	1426836659
163	312	done	1426838770
163	312	duration	1426841713
163	313	done	1426913994
163	313	duration	1426916056
163	314	done	1426916067
163	314	duration	1426917571
163	162	done	1426917579
163	162	duration	1426919343
163	316	done	1426929004
163	316	duration	1426932269
163	317	done	1426932281
163	317	duration	1426934372
163	319	done	1426936581
163	319	duration	1426941260
163	321	duration	1426947011
163	311	done	1426948410
163	311	duration	1426950387
163	321	done	1426950426
163	322	done	1427031504
163	1	tag	1427033852
163	323	done	1427033861
163	363	enter	1429436281
163	363	done	1429436290
163	1	watch	1429521023
164	1	watch	1429705191
164	363	enter	1429706129
164	363	done	1429706231
164	1	tag	1430043197
165	1	tag	1426938524
165	294	done	1426938542
165	294	duration	1426938547
165	295	done	1426938558
165	295	tag	1426940943
165	295	duration	1426940962
165	35	done	1426940974
165	35	duration	1426942033
165	297	done	1426942046
165	297	tag	1426943424
165	297	duration	1426944334
165	298	done	1426944370
165	298	tag	1426945962
165	298	duration	1426946332
165	300	done	1426946345
165	300	duration	1426948066
166	1	tag	1428665135
166	300	done	1428665149
166	300	tag	1428665166
166	300	duration	1428665170
168	1	watch	1414395267
168	363	enter	1416722941
168	363	done	1416722945
168	1	tag	1423215805
171	1	watch	1415409196
171	363	enter	1415865488
171	363	done	1415865499
171	1	tag	1421562999
172	1	watch	1415957659
172	363	enter	1416021673
172	363	done	1416021736
172	1	tag	1419411662
173	1	watch	1416021125
173	363	enter	1416022599
173	363	done	1416022606
173	1	tag	1419411752
174	1	watch	1415332302
174	363	enter	1415516063
174	363	done	1415516077
174	1	tag	1421546251
176	363	enter	1416024158
176	363	done	1416024164
176	1	watch	1420379612
176	294	done	1421149381
176	294	tag	1421149417
176	294	duration	1421149433
176	300	done	1421237660
176	300	tag	1421237670
176	300	duration	1421239815
176	310	done	1421239830
176	310	duration	1421241241
176	1	tag	1421408904
176	321	done	1421408912
176	321	tag	1421409326
176	321	duration	1421409348
176	322	done	1421409357
176	322	tag	1421409429
176	322	duration	1421409449
176	173	done	1421409461
176	173	tag	1421409710
176	173	duration	1421411936
176	342	done	1421412028
176	342	tag	1421412044
176	361	done	1421412059
176	361	duration	1421412697
177	1	tag	1428902727
177	337	done	1428904001
177	294	done	1428904008
177	294	duration	1428905155
178	298	done	1426928225
178	298	tag	1426928280
178	311	tag	1426928326
178	311	duration	1426928330
178	1	tag	1426928913
178	331	done	1426928922
179	294	done	1427595001
179	294	duration	1427597220
179	295	done	1427597239
179	295	duration	1427598634
179	35	done	1427611343
179	35	duration	1427612345
179	297	done	1427612352
179	297	duration	1427614700
179	298	tag	1427614716
179	298	done	1427614717
179	298	duration	1427616979
179	300	done	1427616989
179	300	duration	1427618093
179	1	tag	1427967670
179	301	done	1427967681
179	301	duration	1427968846
180	1	watch	1406889225
180	1	tag	1406889889
180	1	watch	1407030305
180	1	tag	1407660249
180	1	tag	1428140566
181	363	enter	1416994024
181	363	done	1416994035
181	1	tag	1419392012
181	1	watch	1420420045
182	294	duration	1410361547
182	54	watch	1410361604
182	54	duration	1410361631
182	1	watch	1411123740
183	300	done	1411630044
183	363	enter	1415934808
183	363	done	1415934818
183	1	watch	1418687894
183	1	tag	1429083139
183	294	done	1429083169
183	294	tag	1429083255
183	294	duration	1429083393
183	357	done	1429084813
183	357	duration	1429085601
