2	291	done	1416669820
2	286	tag	1420889289
2	286	duration	1420889428
2	286	done	1420889432
2	285	done	1425030456
2	285	tag	1425032707
2	285	duration	1425032715
3	285	done	1426648007
3	285	duration	1426650435
3	286	done	1426651587
3	286	duration	1426654040
3	289	done	1426661927
3	289	duration	1426664425
3	292	done	1426666912
3	292	duration	1426669411
3	294	done	1426671931
3	294	duration	1426674429
3	296	done	1426674445
3	296	duration	1426676945
3	301	done	1426686108
3	301	duration	1426688331
4	285	done	1428217862
4	285	tag	1428218167
4	285	duration	1428218170
4	286	done	1428218249
4	286	tag	1428219146
4	286	duration	1428219150
4	288	done	1428219732
4	288	tag	1428220618
4	288	duration	1428220622
4	289	done	1428220635
4	289	tag	1428222453
4	289	duration	1428222457
4	291	done	1428222969
4	291	tag	1428223412
4	291	duration	1428223414
4	292	done	1428223421
4	292	tag	1428223896
4	292	duration	1428223899
4	296	done	1428224790
4	296	tag	1428225347
4	296	duration	1428225351
4	299	done	1428228831
4	299	duration	1428232078
4	301	done	1428232093
4	301	tag	1428232532
4	301	duration	1428232534
4	302	done	1428232547
4	302	tag	1428233254
4	302	duration	1428233256
4	307	done	1428233948
4	307	tag	1428234965
4	307	duration	1428234967
4	310	done	1428235655
4	310	tag	1428236393
4	310	duration	1428236394
4	311	done	1428236406
4	311	tag	1428237179
4	311	duration	1428237181
4	316	done	1428237854
4	316	tag	1428238425
4	316	duration	1428238426
4	329	done	1428240065
4	329	duration	1428240100
5	286	done	1426827434
5	286	tag	1426829770
5	286	duration	1426829775
5	289	duration	1427784835
5	289	done	1427784842
5	289	tag	1427784843
5	285	done	1427784850
5	285	tag	1427786253
5	285	duration	1427787367
5	292	tag	1427945602
5	292	done	1427945833
5	292	duration	1427945837
6	302	done	1427967095
6	292	done	1429528852
8	292	tag	1429753361
8	292	duration	1429756262
8	292	done	1429798165
8	285	done	1430063020
9	286	done	1429672517
9	285	duration	1429734852
9	285	done	1429772735
11	285	done	1426681277
11	285	duration	1426683775
11	286	done	1427012867
11	286	tag	1427013851
11	286	duration	1427015790
11	289	done	1427980915
11	289	duration	1427983471
11	291	done	1428302071
11	291	tag	1428302075
11	291	duration	1428304756
11	292	done	1428409863
11	292	tag	1428409883
11	292	duration	1428412740
11	294	done	1428497208
11	294	tag	1428497868
11	294	duration	1428499900
11	295	done	1429186272
11	295	tag	1429187579
11	295	duration	1429188875
11	296	duration	1429496048
11	296	done	1429536560
13	285	done	1413618278
13	289	done	1413630281
13	292	done	1413639392
13	292	duration	1413639393
13	294	done	1413810170
13	294	duration	1413810173
13	316	duration	1415103464
13	316	done	1415103969
15	301	duration	1416466824
15	289	duration	1417747956
15	289	done	1417747976
15	285	duration	1418715017
15	317	done	1418736022
15	317	duration	1418738756
15	310	duration	1418951123
15	305	duration	1418951494
15	294	duration	1418952751
15	301	done	1419986767
15	286	done	1422326611
15	286	duration	1422327728
16	285	duration	1429734819
16	286	duration	1429737413
16	289	duration	1429749501
16	285	done	1429773739
16	286	done	1429776247
16	288	done	1429781634
16	289	done	1429788331
16	291	done	1429793752
16	296	duration	1429823031
16	299	tag	1429828461
16	299	duration	1429831130
16	300	duration	1429833852
16	301	duration	1429836597
16	292	done	1429843571
16	292	duration	1429848208
16	294	done	1429853591
16	295	done	1429861434
16	296	done	1429861441
16	299	done	1429870006
16	300	done	1429872693
16	301	done	1429875390
16	302	done	1429878130
16	304	done	1429921925
16	305	done	1429924484
16	304	duration	1429926156
17	285	tag	1429233457
17	286	duration	1429233478
17	285	done	1429235357
17	285	duration	1429236068
18	285	done	1427764522
18	285	tag	1427765133
19	285	done	1426662351
19	285	duration	1426663637
19	285	tag	1426663640
21	294	done	1426724086
21	294	tag	1426724979
21	295	done	1426742658
21	295	tag	1426744985
21	295	duration	1426745308
21	299	tag	1427786614
21	299	done	1427788390
21	299	duration	1427791141
22	288	done	1414115162
22	289	done	1414115235
22	294	done	1414198448
22	296	done	1414369634
22	289	duration	1414369655
22	312	done	1414462474
22	291	done	1414892179
22	291	duration	1414892179
22	310	done	1417144691
22	310	duration	1417144695
22	296	duration	1418776693
22	288	duration	1418776700
24	322	duration	1416904117
24	322	done	1416904119
25	286	duration	1416025507
25	288	done	1416057393
25	288	duration	1416057393
25	286	done	1416621428
25	295	done	1416746660
25	299	done	1416748846
25	292	duration	1416749181
25	292	done	1416749183
25	291	duration	1416965294
25	285	done	1420198672
25	285	duration	1420198677
26	288	done	1414311237
26	288	duration	1414311239
26	291	done	1414311387
26	294	done	1414311498
26	300	duration	1414836164
26	286	duration	1414836281
26	307	duration	1414836396
26	285	done	1420163272
26	285	duration	1420166162
26	286	done	1420168007
26	289	done	1422776895
26	289	duration	1422779809
27	288	done	1417573420
27	289	done	1418357739
27	289	duration	1418967077
28	329	done	1426694671
29	289	duration	1416377989
29	289	done	1416377990
29	291	done	1416384510
29	291	duration	1416384510
29	295	done	1416448925
29	302	duration	1416540464
29	302	done	1416540466
29	310	done	1416616992
30	286	done	1427097503
30	289	done	1427097518
30	289	tag	1427097527
30	288	done	1429932794
30	295	done	1429935775
30	288	duration	1429937561
32	285	done	1427787349
32	286	done	1427789930
32	286	tag	1427790667
32	286	duration	1427791097
32	288	done	1427791107
32	288	tag	1427791463
32	288	duration	1427792216
33	285	duration	1429654843
33	285	done	1429693322
33	289	duration	1429735264
33	286	done	1429750814
33	286	duration	1429756309
33	288	duration	1429760914
33	289	done	1429774133
33	292	duration	1429822148
33	291	done	1429856785
33	294	done	1429866683
33	295	duration	1429901520
33	295	done	1429939016
33	292	done	1429943070
33	296	duration	1429999642
33	296	done	1430038433
34	302	done	1413111280
34	302	duration	1413111323
34	285	duration	1414983983
34	285	done	1414983983
36	285	done	1417152050
36	291	done	1418268599
36	291	duration	1418270806
36	286	done	1418270809
37	285	done	1415245298
37	286	duration	1415247389
37	289	done	1415275841
37	307	duration	1415278447
37	331	done	1415278589
37	331	duration	1415278590
37	330	duration	1415278623
37	335	duration	1415278641
37	335	tag	1415284342
37	305	duration	1415359874
37	301	duration	1415359985
37	334	done	1415360069
37	334	tag	1415360070
37	334	duration	1415360074
37	335	done	1415363130
37	295	done	1415590646
37	295	duration	1415590646
37	294	duration	1415711387
37	299	done	1415713224
37	299	duration	1415713225
37	296	done	1415715337
37	305	done	1415794209
37	311	tag	1415798618
37	311	done	1415798621
37	311	duration	1415798625
37	286	done	1416110537
37	294	done	1416110556
37	300	done	1416110588
37	300	duration	1416110594
37	288	duration	1416110623
37	288	done	1416110626
37	301	done	1416110642
37	285	duration	1416115534
39	291	done	1413770162
39	285	done	1415882981
39	285	duration	1415883067
39	311	duration	1417331362
40	286	done	1418516956
40	285	done	1418517080
47	286	done	1416019481
47	286	duration	1416019483
47	285	tag	1416019510
47	285	done	1416019511
47	285	duration	1416019513
50	285	duration	1416019311
50	285	done	1416019312
50	286	duration	1416019324
50	286	done	1416019325
51	331	duration	1413775281
51	331	done	1413775285
51	333	done	1413789365
51	334	done	1413859186
51	334	duration	1413860761
51	291	duration	1414726693
51	286	duration	1414743613
51	285	duration	1414980900
51	285	done	1414980901
51	292	done	1416203968
51	292	duration	1416203968
51	289	done	1416451158
52	285	done	1417140973
52	285	duration	1417140974
53	285	done	1416277707
53	285	duration	1416277707
54	292	done	1418302568
55	291	tag	1426723320
55	291	done	1426724848
55	291	duration	1426727613
55	292	done	1426819444
55	294	done	1426991684
55	295	done	1426996334
55	296	done	1427001135
55	296	duration	1427003234
55	301	done	1427771218
55	300	done	1429497822
56	285	done	1427026337
56	285	duration	1427028836
56	286	done	1427028847
56	286	tag	1427030205
56	286	duration	1427031427
56	288	done	1427033505
56	288	tag	1427035814
56	288	duration	1427036235
56	289	done	1429747958
56	294	duration	1429930163
56	294	done	1429968723
56	295	done	1429971428
59	291	done	1428754498
59	291	tag	1428754503
59	291	duration	1428757144
60	291	done	1416207905
60	299	duration	1416208077
60	299	done	1416208077
66	285	done	1418279307
66	286	done	1418279313
66	286	duration	1418279316
66	288	done	1418279327
66	288	duration	1418279331
66	289	done	1418279336
66	289	duration	1418279340
66	291	done	1418279351
66	291	duration	1418279356
66	292	done	1418279361
66	292	duration	1418279365
66	294	done	1418279377
66	294	duration	1418279380
66	295	done	1418279386
66	295	duration	1418279388
70	296	duration	1418893121
70	295	done	1419235912
70	295	duration	1419235918
70	299	done	1419383261
70	299	duration	1419384996
70	302	done	1419406739
70	304	done	1419409391
70	304	duration	1419410705
70	316	done	1419410734
70	319	done	1419416111
70	319	duration	1419418219
70	335	done	1419418231
70	335	duration	1419420790
70	334	done	1419420799
70	334	duration	1419423244
70	328	done	1419423255
70	328	duration	1419424209
70	329	done	1419493238
70	329	duration	1419495705
72	285	tag	1414629287
72	295	tag	1416210065
72	295	duration	1416210065
72	295	done	1416210066
72	296	done	1416213021
72	330	duration	1418709898
72	299	done	1418779787
72	299	duration	1418779793
72	300	done	1418779807
72	300	duration	1418779814
72	301	done	1418779828
72	301	duration	1418779835
72	302	done	1418779871
72	302	duration	1418779880
72	304	done	1418779917
72	304	duration	1418779924
72	305	done	1418779939
72	305	duration	1418779947
72	307	done	1418780024
72	307	duration	1418782783
72	310	done	1418803498
72	311	done	1418806396
72	322	tag	1419322017
72	322	duration	1419322332
72	312	done	1420361375
72	312	duration	1420363535
72	288	done	1420448582
72	288	duration	1420448588
72	289	done	1420448599
72	289	duration	1420448607
72	291	done	1420448637
72	291	duration	1420448645
72	292	done	1420448657
72	292	duration	1420448665
72	294	done	1420448695
72	294	duration	1420448702
72	313	done	1420530635
72	313	duration	1420533361
72	285	done	1420678274
72	285	duration	1420678279
72	286	done	1420678292
72	286	duration	1420678298
72	316	done	1420701759
72	316	duration	1420704419
72	317	done	1420704435
72	317	duration	1420706948
74	292	done	1415707180
74	285	done	1417615007
74	285	duration	1417617504
74	286	done	1417617523
74	286	duration	1417620103
74	288	duration	1417783161
74	288	done	1417783166
74	289	done	1417783173
74	299	duration	1417792131
74	300	done	1418302071
74	294	duration	1418303543
74	294	done	1418303548
74	299	done	1418303554
74	301	done	1418303561
74	333	duration	1418303571
74	333	done	1418303578
74	328	done	1418569713
75	285	duration	1417695205
75	285	tag	1417695208
75	285	done	1417695280
75	286	done	1417695769
75	286	duration	1417696519
75	288	done	1417697012
75	288	duration	1417697810
75	291	done	1417698557
75	291	duration	1417699303
75	292	done	1417699310
75	292	duration	1417700015
75	294	done	1417700026
75	294	duration	1417700845
75	296	done	1417701309
75	296	duration	1417702564
76	286	duration	1413958521
76	285	done	1413958921
76	285	duration	1413958927
76	289	done	1413959224
76	289	duration	1413959250
76	291	done	1413960105
76	292	done	1417523154
76	292	duration	1417524193
76	286	done	1417524291
77	285	duration	1427374067
77	285	done	1427374071
77	286	done	1427374081
77	286	duration	1427376668
77	288	done	1427525714
77	288	duration	1427528442
77	289	done	1427543760
77	289	duration	1427546310
77	291	done	1427549097
77	291	duration	1427551788
77	294	done	1427637452
77	294	duration	1427637563
77	295	tag	1427637573
77	295	done	1427637597
77	295	duration	1427637641
77	296	done	1427637656
77	296	duration	1427637734
77	299	done	1427637906
77	299	duration	1427638035
77	300	tag	1427638039
77	300	done	1427638042
77	300	duration	1427638083
77	301	done	1427638092
77	301	duration	1427638105
77	302	done	1427638110
77	302	duration	1427638124
77	304	done	1427638168
77	304	duration	1427638182
77	305	done	1427720381
77	307	done	1427720409
77	307	duration	1427720419
77	310	done	1427720462
77	310	duration	1427720480
77	311	done	1427720484
77	311	duration	1427720497
77	312	done	1427720502
77	312	duration	1427720518
77	313	done	1427724971
77	313	duration	1427727633
79	292	done	1429224853
79	286	duration	1429729732
79	285	tag	1429751911
79	285	done	1429758936
79	286	done	1429768511
79	289	duration	1429816961
79	288	done	1429846513
79	289	done	1429855371
81	285	duration	1418210339
81	286	duration	1418213114
81	288	duration	1418222386
82	295	duration	1415419621
82	295	done	1415419623
82	302	done	1415711047
82	294	tag	1416489062
82	291	done	1417789521
82	291	duration	1417789524
82	292	done	1417789532
82	292	duration	1417789538
82	294	done	1417789560
82	294	duration	1417789563
82	296	done	1417789576
82	296	duration	1417789579
82	299	done	1417789646
82	299	duration	1417789672
82	305	done	1417873778
82	305	duration	1417873782
82	307	done	1417873809
82	307	duration	1417873818
82	333	done	1417873851
82	333	duration	1417873858
82	330	done	1417873894
82	330	duration	1417873898
82	285	done	1420637568
82	285	duration	1420637572
82	286	done	1420637590
82	286	duration	1420637596
82	288	done	1420637638
82	288	duration	1420637643
82	289	done	1420637659
82	289	duration	1420637664
83	285	duration	1415843579
83	285	done	1415843579
83	300	done	1416717882
83	300	duration	1416721391
83	310	duration	1416746833
83	310	done	1416746833
83	305	duration	1416988191
83	305	done	1416988192
85	331	duration	1415944748
85	331	done	1415944749
85	330	done	1415946859
85	330	duration	1415946860
85	329	duration	1415951357
85	329	done	1415951361
85	319	done	1416464554
85	319	duration	1416464554
86	285	done	1415596099
86	295	done	1416383431
86	288	duration	1416492379
86	289	tag	1416492387
86	286	duration	1416577921
86	294	done	1416577991
86	286	done	1416712333
86	288	done	1416712487
86	292	duration	1416712535
86	292	done	1416712536
86	294	duration	1416712552
86	285	duration	1416798236
86	289	duration	1416798297
86	289	done	1416798299
86	291	done	1416798327
86	291	duration	1416798330
87	329	duration	1413865634
87	307	done	1414135119
89	317	done	1416991359
89	317	duration	1416991361
89	328	duration	1416995268
89	329	duration	1417052906
89	331	done	1417135269
89	328	done	1417141117
91	285	done	1413119048
91	285	duration	1413119081
93	285	duration	1415257312
96	285	done	1415007593
96	285	duration	1415007597
98	289	duration	1414496224
98	289	done	1414496226
98	322	duration	1414839471
98	291	duration	1414839664
98	291	done	1414839665
98	299	done	1418127578
98	335	done	1419507262
98	333	done	1419507272
98	333	duration	1419510865
99	316	done	1414564213
99	317	done	1414564256
99	319	duration	1414564649
99	322	done	1414565286
99	329	done	1414565588
99	333	duration	1414565771
99	335	done	1414648094
99	335	duration	1414648096
100	285	done	1428041050
100	286	done	1428048883
102	288	done	1417614274
102	288	duration	1417614288
102	304	done	1418135609
102	304	duration	1418138135
102	300	done	1418143860
102	300	duration	1418144260
102	296	done	1418534762
102	296	duration	1418537508
102	299	duration	1418540225
102	299	done	1418540240
102	302	done	1418552794
102	302	duration	1418555264
104	285	done	1414109507
104	286	duration	1414195339
104	286	done	1414195344
104	288	done	1414455425
104	288	duration	1414455428
104	291	done	1414556258
104	291	duration	1414556260
104	285	duration	1417091407
104	295	done	1417519405
104	295	duration	1417522009
104	299	duration	1417522038
104	299	done	1417522043
104	310	done	1417525986
104	310	duration	1417527240
104	330	done	1417527257
104	330	duration	1417529935
106	294	done	1416413987
106	294	duration	1416413989
106	304	done	1416502954
106	304	duration	1416502970
106	333	done	1416851326
106	333	duration	1416851359
106	302	done	1418525171
106	302	duration	1418526163
106	286	duration	1418725988
106	291	done	1418843252
106	291	duration	1418843540
106	295	done	1418894181
106	295	duration	1418896868
106	296	duration	1419010753
106	305	done	1419082543
106	292	duration	1419351310
106	313	done	1419393489
106	313	duration	1419396136
106	299	done	1419533828
106	299	duration	1419535998
106	300	done	1420221243
106	300	duration	1420223606
107	286	duration	1429472431
107	286	done	1429513304
107	286	tag	1429513846
107	285	done	1429513873
108	291	done	1427116440
108	291	tag	1427116760
108	292	done	1427679481
108	294	duration	1429661889
108	294	done	1429702955
109	285	duration	1429995016
109	288	tag	1429997597
109	288	duration	1430000362
109	285	done	1430034028
109	288	done	1430039132
109	289	done	1430041904
110	285	done	1429543384
111	286	duration	1427958225
111	294	done	1428024341
111	294	tag	1428028987
111	294	duration	1428030490
111	295	done	1428030499
111	330	done	1428300532
111	330	tag	1428303931
111	334	done	1428303940
111	334	duration	1428305169
111	334	tag	1428305170
111	286	done	1428580872
111	289	done	1428999717
111	291	done	1429172615
111	291	duration	1429175478
111	288	done	1429181123
111	288	duration	1429184614
112	285	done	1428472984
112	285	duration	1428475488
112	286	done	1429059998
112	286	duration	1429063136
112	292	done	1429751075
112	289	duration	1429813998
112	289	done	1429852808
113	285	done	1428076317
113	285	tag	1428076322
113	285	duration	1428076324
113	286	done	1428237542
113	286	duration	1428237545
113	288	tag	1428596552
113	288	done	1428596553
113	288	duration	1428596556
113	289	duration	1430007326
113	289	done	1430048854
115	286	done	1427338601
115	288	done	1427338646
115	289	done	1427338678
115	291	done	1427338743
115	292	done	1427338773
115	294	done	1427342141
115	295	done	1427342150
115	296	done	1427342158
115	299	done	1427342188
115	299	duration	1427345344
115	300	done	1427345860
115	301	done	1427345864
115	302	done	1427345871
115	304	done	1427345887
115	305	done	1427345897
115	310	done	1427349479
115	311	done	1427349488
115	312	duration	1427349491
115	312	tag	1427349494
115	312	done	1427349509
115	313	done	1427357191
115	316	done	1427357229
115	317	done	1427357238
115	322	done	1427360202
116	285	done	1426763777
116	286	done	1426854578
116	286	duration	1426857643
116	288	done	1426861050
116	288	duration	1426864071
116	316	done	1427895282
116	305	duration	1428250158
116	312	done	1428250171
116	291	done	1428668175
116	291	duration	1428670929
116	296	duration	1428674141
116	289	done	1428674147
116	289	duration	1428676701
116	292	done	1428676705
116	295	done	1429097482
116	295	duration	1429100088
116	296	done	1429100419
116	301	tag	1429322425
116	299	done	1429361796
116	299	duration	1429364682
116	300	done	1429364689
116	301	done	1429369162
116	301	duration	1429372150
116	302	done	1429372155
116	305	done	1429703173
116	307	done	1429714457
117	285	duration	1429752086
117	286	duration	1429755226
117	289	duration	1429760774
117	285	done	1429790560
117	286	done	1429793522
117	286	tag	1429795886
117	289	done	1429799288
118	285	done	1429931529
118	285	tag	1429934650
118	285	duration	1429935359
119	285	done	1429655768
119	291	duration	1429660198
119	286	done	1429670712
119	286	duration	1429675054
119	289	done	1429680829
119	295	tag	1429740693
119	295	duration	1429743293
119	295	done	1429784736
119	300	done	1429787424
119	294	done	1429999962
119	294	tag	1430001632
119	291	done	1430009900
119	296	done	1430036868
119	292	done	1430047976
120	299	done	1414713795
120	299	duration	1414713796
120	294	done	1414933685
120	295	duration	1414933696
120	295	done	1414933701
120	301	duration	1415012600
120	301	done	1415054046
120	296	duration	1415532046
120	334	done	1415625873
120	334	duration	1415625875
120	335	done	1415625886
120	307	duration	1415953894
120	307	done	1417218807
120	330	done	1417482603
120	330	duration	1417482627
120	333	done	1417482633
120	333	duration	1417482644
122	285	duration	1417184435
122	286	tag	1417184493
122	289	duration	1417184545
122	294	duration	1417184566
122	286	done	1417357407
122	286	duration	1417357409
122	299	done	1417445376
122	299	duration	1417445410
123	285	done	1414131587
123	286	done	1414135896
123	286	duration	1414135943
123	288	done	1414201941
123	291	done	1414630085
123	292	duration	1414633146
123	292	done	1414633171
124	285	done	1419337700
124	285	duration	1419337943
124	285	tag	1419337945
126	286	duration	1417532335
126	288	done	1417532359
126	288	duration	1417532362
126	292	done	1417532401
126	285	done	1417908823
126	286	done	1417908833
126	289	done	1417908857
126	291	done	1417908874
126	294	done	1417908893
128	286	done	1427269073
128	286	duration	1427269229
128	289	done	1427334069
128	289	duration	1427334151
128	285	done	1427334772
128	285	duration	1427336728
129	331	done	1426683530
129	328	done	1426741343
129	317	tag	1426856310
129	316	tag	1426857997
129	311	tag	1427123212
129	313	done	1427123221
129	313	tag	1427123223
129	319	tag	1427123245
129	330	done	1427123249
129	330	tag	1427123251
129	285	tag	1427123476
129	286	tag	1427123482
129	288	tag	1427123499
129	289	tag	1427123508
129	291	tag	1427123527
129	292	tag	1427123534
129	294	tag	1427123554
129	295	tag	1427123562
129	296	tag	1427123569
129	299	done	1427123588
129	299	tag	1427123591
129	300	done	1427123596
129	300	tag	1427123601
129	301	tag	1427123612
129	302	tag	1427123620
129	304	tag	1427123637
129	305	tag	1427123647
129	307	tag	1427123663
129	310	done	1427123689
129	310	tag	1427123691
129	312	done	1427123696
129	312	tag	1427123700
129	301	duration	1427197154
129	301	done	1427197158
129	311	done	1427197175
129	316	done	1427197185
129	319	done	1427197202
129	329	done	1427197247
129	285	duration	1427267388
129	285	done	1427267391
129	286	duration	1427267396
129	286	done	1427267398
129	288	duration	1427267411
129	288	done	1427267413
129	289	duration	1427267420
129	289	done	1427267422
129	291	duration	1427267435
129	291	done	1427267436
129	292	duration	1427267444
129	292	done	1427267446
129	294	duration	1427267457
129	294	done	1427267459
129	295	duration	1427267467
129	295	done	1427267469
129	296	duration	1427267478
129	296	done	1427267480
129	302	duration	1427267502
129	302	done	1427267503
129	304	duration	1427267516
129	304	done	1427267519
129	305	duration	1427267521
129	305	done	1427267524
129	307	duration	1427267543
129	307	done	1427267545
129	317	duration	1427267559
129	317	done	1427267561
129	322	duration	1427267566
129	322	done	1427267568
129	335	duration	1427267635
129	335	done	1427267636
129	334	duration	1427267643
129	334	done	1427267645
129	333	duration	1427267650
129	333	done	1427267652
130	285	done	1427330879
130	286	done	1428540830
130	286	tag	1428540832
130	286	duration	1428540849
132	286	duration	1413810443
132	285	done	1413982559
134	285	done	1414317572
134	319	duration	1414322819
134	319	done	1414322824
134	285	duration	1415619775
134	286	duration	1415620235
134	288	done	1415620726
134	288	tag	1415620732
134	288	duration	1415620733
134	305	done	1417325724
134	295	done	1417345083
134	295	duration	1417345087
134	334	done	1417872925
134	334	duration	1417875255
134	333	done	1417875286
134	304	done	1418386273
134	296	duration	1418428610
134	296	done	1418428628
135	307	duration	1414993492
135	285	duration	1414993596
135	295	done	1416618015
135	299	done	1418260049
138	307	duration	1413724781
138	307	done	1413724781
138	301	done	1418458936
138	333	done	1418463137
138	299	done	1419163433
138	299	duration	1419165852
138	294	duration	1419166177
138	310	duration	1419166813
140	294	done	1413851905
140	295	done	1413856482
140	295	duration	1413856482
140	299	duration	1413944726
140	301	tag	1413949350
140	305	duration	1415422819
140	305	done	1415422821
140	330	duration	1415444106
140	301	duration	1416547801
140	301	done	1416547802
140	302	done	1416551037
140	302	duration	1416551038
140	311	done	1416609333
140	316	done	1416612896
140	316	duration	1416612903
141	288	duration	1417332982
141	288	done	1417443179
141	304	done	1417445241
141	304	duration	1417446281
141	295	done	1417446553
141	295	duration	1417447350
141	286	done	1419763466
141	292	duration	1419775130
141	292	done	1420192602
143	286	duration	1415098136
143	286	done	1415098139
146	301	done	1427098627
146	301	tag	1427099306
146	301	duration	1427101223
146	304	done	1427101236
146	329	done	1427550428
146	329	tag	1427551557
146	329	duration	1427553090
146	295	done	1428406302
146	295	tag	1428406983
146	295	duration	1428408945
146	299	tag	1428818140
146	302	done	1428818185
146	302	tag	1428820282
146	302	duration	1428820726
146	313	tag	1429162104
146	313	done	1429164370
146	313	duration	1429167037
146	322	done	1429167049
146	322	tag	1429168276
146	322	duration	1429169555
146	334	done	1429169697
146	334	tag	1429172054
146	334	duration	1429172198
148	285	done	1430030678
149	285	done	1415198226
149	285	duration	1415198227
149	301	duration	1415510093
149	304	duration	1415535662
149	304	done	1415535662
149	331	duration	1415881745
150	285	duration	1415108176
150	289	duration	1416634067
150	295	done	1417934086
150	305	done	1418353785
150	285	done	1418699223
150	291	done	1419255831
150	291	duration	1419258796
150	296	done	1419263556
151	285	tag	1422672706
151	285	duration	1422673683
151	285	done	1422673688
152	285	tag	1429339840
152	285	done	1429339840
152	285	duration	1429339847
154	288	done	1428398488
154	288	duration	1428398504
154	285	done	1429144297
154	285	duration	1429144306
154	286	done	1429330002
154	286	duration	1429332825
156	285	done	1426730978
156	286	done	1427100611
156	285	duration	1427873813
157	288	duration	1428143637
157	288	done	1428143639
157	285	tag	1428230070
157	286	tag	1428234115
157	286	duration	1428243577
157	286	done	1428243580
157	289	duration	1428543622
157	289	done	1428543627
157	285	duration	1428579042
157	285	done	1428579064
158	285	duration	1428629591
160	285	done	1415608071
160	285	duration	1415608075
161	295	done	1413965872
161	296	done	1415239397
161	299	done	1415259280
161	299	duration	1415259280
161	304	done	1418125065
161	304	duration	1418128415
161	311	done	1418131094
161	311	duration	1418132222
161	313	done	1418359956
161	319	done	1418802360
161	294	done	1420510813
161	294	duration	1420514216
162	289	done	1416500023
162	289	duration	1416500024
162	291	done	1416500037
162	291	duration	1416500041
162	292	done	1416500045
162	292	duration	1416500046
162	301	done	1428253052
163	285	duration	1428828119
163	285	done	1428828283
163	292	duration	1428828304
163	292	done	1428828313
166	285	done	1416575158
169	285	done	1429249713
169	286	done	1429258889
169	307	duration	1429555803
169	299	done	1429580532
169	294	done	1429583196
169	299	duration	1429584948
169	294	duration	1429587655
169	307	done	1429594477
169	311	done	1429754757
170	291	done	1427438292
170	285	done	1429837021
170	285	tag	1429838838
171	286	done	1427729429
171	288	done	1427729453
171	289	duration	1427729459
171	289	done	1427729462
171	292	done	1427729482
171	292	duration	1427729496
171	291	done	1428925409
171	291	tag	1428926154
171	291	duration	1428928158
171	294	done	1428928173
171	294	tag	1428930847
171	294	duration	1428930913
171	295	done	1428931042
171	295	duration	1428933614
172	335	done	1422931334
172	335	tag	1422931335
173	292	done	1427819321
173	291	done	1427819332
173	300	done	1428150483
173	300	tag	1428152041
173	289	done	1428420337
173	289	duration	1428422367
173	288	done	1428492719
173	288	duration	1428495473
173	302	duration	1428499071
173	285	done	1428594355
173	285	duration	1428596925
173	286	done	1428596939
173	286	duration	1428597293
173	296	done	1428933702
173	296	duration	1428936973
173	301	done	1429002723
173	302	done	1429020453
173	310	done	1429190292
173	310	duration	1429193038
173	313	done	1429193057
173	313	duration	1429195761
173	305	done	1429350483
173	305	duration	1429353158
173	307	done	1429357386
173	294	duration	1429578387
173	295	duration	1429582513
173	294	done	1429616681
173	295	done	1429621314
174	285	tag	1429491551
174	285	duration	1429491715
174	286	duration	1429494301
174	286	done	1429494305
174	285	done	1429569923
174	288	done	1429573311
174	288	tag	1429575778
174	289	done	1429669496
174	289	duration	1429671450
174	294	duration	1429935620
174	294	done	1430021679
175	286	duration	1416290284
175	286	done	1416290284
175	285	duration	1416290581
175	285	tag	1416290583
175	302	duration	1416467150
175	302	done	1416467151
175	311	done	1416478784
175	285	done	1416482589
175	299	duration	1416532760
175	294	duration	1416537005
175	294	done	1416537005
175	291	done	1417067188
175	291	duration	1417067189
176	285	done	1414400568
176	285	duration	1414400569
176	296	duration	1414403839
176	295	duration	1414410308
176	299	done	1414579170
177	285	duration	1417614645
177	285	done	1417614648
178	285	done	1427352866
178	285	duration	1427353800
178	299	done	1427354624
178	299	duration	1427355058
178	300	done	1427355079
178	300	duration	1427355334
178	301	done	1427443278
178	301	duration	1427443791
178	302	done	1427443874
178	302	tag	1427444014
178	304	done	1427694872
178	304	duration	1427695881
178	305	done	1427695946
178	305	duration	1427698614
178	307	done	1427767113
178	307	duration	1427768042
178	313	done	1427784150
178	313	duration	1427784156
178	289	done	1427784187
178	316	done	1427790407
178	316	duration	1427792845
178	333	done	1428024877
178	333	tag	1428025328
178	333	duration	1428025332
178	334	done	1428025343
178	334	duration	1428025581
178	335	done	1428373740
178	335	duration	1428374355
178	292	done	1428392537
178	292	duration	1428392544
178	296	done	1428455189
178	296	duration	1428455238
178	311	done	1428455468
178	311	duration	1428455583
178	310	done	1428455877
178	310	duration	1428455911
178	322	done	1428455927
178	322	duration	1428455982
178	312	done	1428455996
178	312	duration	1428456034
180	286	done	1413937910
180	286	duration	1413937910
180	288	done	1413952143
180	288	duration	1413952144
180	294	tag	1413976697
180	294	done	1413976714
180	294	duration	1413976714
180	301	done	1414106076
180	301	duration	1414106079
180	305	duration	1414125890
180	305	done	1414125890
180	307	done	1414127381
180	304	duration	1414235649
180	304	done	1414235651
180	317	duration	1414328611
180	317	done	1414328611
180	319	done	1414331146
180	319	duration	1414331148
180	329	duration	1414385235
180	331	done	1414387486
180	331	duration	1414387488
180	335	done	1414390594
180	335	duration	1414840614
182	286	duration	1414487201
182	289	duration	1414487212
182	289	done	1414487214
183	286	duration	1414464220
183	288	done	1414464224
184	286	duration	1414484985
184	291	done	1414485004
184	291	duration	1414485005
186	286	done	1427274468
186	286	duration	1427274899
186	288	done	1428997550
186	288	duration	1428998481
186	296	done	1429251148
186	334	done	1429678001
186	334	duration	1429680493
186	291	done	1429867637
186	291	duration	1429868848
187	333	duration	1413706084
187	333	done	1413706084
187	330	duration	1414301012
187	330	done	1414301023
187	331	done	1414303722
187	299	duration	1420696083
187	334	duration	1421227698
187	317	tag	1421566310
187	317	duration	1421566867
189	295	done	1427104561
189	295	duration	1427104732
189	296	done	1427104741
189	296	duration	1427104904
189	289	done	1427106614
189	289	duration	1427106716
189	291	done	1427196398
189	291	duration	1427196547
189	292	done	1427196557
189	292	duration	1427196781
189	313	tag	1427196926
189	294	done	1427197322
189	294	duration	1427197590
189	316	done	1427197791
189	316	duration	1427198039
189	288	done	1427198046
189	288	duration	1427198341
189	307	done	1428217825
189	307	duration	1428219777
189	302	done	1428221662
189	302	duration	1428221677
189	299	done	1428221686
189	299	duration	1428221868
189	305	done	1428223120
189	305	duration	1428223203
189	334	done	1428224152
189	334	duration	1428224492
189	322	done	1428224504
189	322	duration	1428224756
189	301	done	1428287667
189	301	duration	1428287787
189	300	done	1428287802
189	300	tag	1428289657
189	300	duration	1428290320
189	319	done	1428290649
189	319	duration	1428290884
189	328	done	1428293277
189	328	duration	1428294111
189	313	done	1429424537
189	313	duration	1429424547
189	310	done	1429425397
189	310	duration	1429425402
189	311	done	1429425417
189	311	duration	1429425882
189	317	done	1429426064
189	317	duration	1429426348
189	333	done	1429427520
189	333	duration	1429427655
189	329	done	1429427664
189	329	duration	1429427968
191	286	done	1419236183
191	286	tag	1419236661
191	286	duration	1419236686
195	285	done	1419592976
195	285	duration	1419595475
195	286	done	1419595511
195	286	duration	1419597596
197	285	duration	1420528665
197	285	tag	1420528670
197	286	done	1420528790
198	286	done	1427947402
198	286	duration	1427949994
198	285	done	1427976861
198	285	tag	1427978439
198	285	duration	1427981126
198	288	done	1428324170
198	288	duration	1428326902
198	288	tag	1428326904
198	289	done	1428326944
198	289	tag	1428328753
198	289	duration	1428329021
198	291	done	1428410240
198	291	duration	1428412923
198	292	done	1428646736
198	294	done	1428820059
198	294	duration	1428823154
198	295	done	1428823181
198	295	duration	1428825038
198	296	done	1428828447
198	296	duration	1428831214
200	286	done	1428403271
200	286	tag	1428403324
200	286	duration	1428403344
200	289	done	1428403482
200	289	duration	1428404596
200	299	done	1428483411
200	299	duration	1428486062
201	302	done	1429263107
201	302	duration	1429263111
201	288	done	1429516885
201	300	done	1429516919
201	301	done	1429516926
201	294	duration	1429658104
201	294	done	1429699026
201	286	duration	1429811909
201	289	duration	1429897490
201	292	duration	1429904556
201	285	done	1429931367
201	286	done	1429935328
201	289	done	1429936401
201	285	duration	1429937001
201	292	done	1429942500
202	289	done	1414640142
202	289	duration	1414888641
202	292	tag	1415327008
202	288	done	1416401698
202	313	done	1417868098
202	313	duration	1417868428
202	286	done	1417868434
202	286	duration	1417869116
202	316	done	1417870192
202	316	duration	1417870759
202	319	done	1417870781
202	319	duration	1417871223
202	322	done	1417872679
202	291	done	1418448585
202	291	duration	1418451108
202	292	duration	1419077456
202	292	done	1419077462
202	295	done	1419510271
202	295	duration	1419512489
202	296	done	1419512499
203	286	done	1417172170
205	294	tag	1426773888
205	294	duration	1426775090
205	295	duration	1427115734
206	294	done	1417497445
206	294	duration	1417500892
206	291	done	1417500900
206	291	duration	1417503674
207	285	done	1426936130
207	285	duration	1426937698
207	286	done	1426937710
207	286	tag	1426938358
207	286	duration	1426938361
207	292	done	1427628277
207	292	duration	1427629201
207	304	done	1427895255
207	304	duration	1427896005
207	296	done	1427896136
207	296	duration	1427896141
207	305	done	1427896147
207	305	duration	1427896157
207	300	done	1428496998
207	300	duration	1428497996
207	311	duration	1429923631
207	312	duration	1429925800
207	311	done	1429964558
207	312	done	1429965259
208	285	duration	1413990053
208	288	done	1414028301
208	288	duration	1414028303
208	295	done	1414589434
208	295	duration	1414589435
208	291	done	1418133170
208	291	duration	1418134384
208	302	done	1418218741
208	302	duration	1418221216
209	285	tag	1429913604
209	285	duration	1429913609
209	286	tag	1429914899
209	286	duration	1429916064
209	285	done	1429952851
209	286	done	1429955154
210	295	duration	1419355910
210	296	duration	1419355922
210	285	duration	1419393335
210	295	done	1419393446
210	330	done	1419631342
210	311	done	1419741719
210	311	duration	1419745175
210	319	done	1419746132
210	302	done	1419811720
210	286	done	1419939255
210	292	done	1419939275
210	289	done	1419939294
210	285	done	1419939301
210	296	done	1419939310
210	304	done	1419939340
210	299	done	1419941530
210	334	done	1420026074
210	335	done	1420027298
210	312	done	1420125711
210	312	duration	1420128212
210	310	done	1420128243
210	291	done	1420169357
212	286	done	1427076343
212	286	duration	1427079168
212	291	duration	1427103229
212	291	done	1427329087
212	335	done	1427332679
212	335	duration	1427336676
212	296	done	1427350283
212	294	done	1427438460
212	294	duration	1427441606
212	299	done	1427445597
212	299	tag	1427446019
212	301	done	1427875410
212	301	tag	1427875778
212	302	done	1427934156
212	302	duration	1427937965
212	285	done	1428366521
212	285	duration	1428369216
212	288	done	1428452633
212	288	duration	1428455901
212	289	done	1428455919
212	289	duration	1428458889
212	305	done	1428538727
212	305	tag	1428539680
212	305	duration	1428543425
212	307	done	1428627148
212	307	duration	1428629982
213	285	done	1426777191
213	285	tag	1426777201
213	285	duration	1426777211
213	296	done	1427108580
213	304	done	1427195800
213	304	duration	1427195813
213	288	done	1427195829
213	288	duration	1427197515
213	300	done	1427813866
213	300	duration	1427816647
213	299	done	1428566285
213	299	duration	1428569465
213	291	done	1428585126
213	291	duration	1428585228
213	328	done	1428662964
213	328	duration	1428666343
213	294	done	1429630429
213	294	duration	1429677904
213	307	duration	1429753550
213	307	done	1429793618
214	285	done	1429001382
214	286	done	1429003978
214	286	tag	1429006544
214	286	duration	1429006558
214	289	done	1429421344
214	289	duration	1429423893
214	291	done	1429426690
216	285	duration	1413982576
216	286	duration	1413985186
216	288	duration	1414072344
216	289	duration	1414151523
216	291	duration	1414157255
216	291	done	1414157261
216	292	done	1414287875
216	292	duration	1414287876
216	296	done	1414336053
216	299	done	1414584116
216	299	duration	1414672704
216	300	tag	1414672867
216	300	duration	1414672868
216	302	done	1414852999
216	304	duration	1414923541
216	304	done	1414947523
216	305	done	1414950051
216	307	done	1415022489
216	307	duration	1415022489
216	301	duration	1416322667
216	302	duration	1416322717
216	301	done	1417357974
216	322	done	1417871217
216	322	duration	1417873946
216	316	done	1417933277
216	316	duration	1417934350
216	317	done	1417934365
216	317	duration	1417937847
216	319	done	1417937859
216	294	done	1417964931
216	294	duration	1417965217
216	295	done	1418131868
216	295	duration	1418132295
217	285	done	1413891927
218	286	tag	1416669247
218	286	duration	1416669248
218	286	done	1416669248
218	289	done	1416724650
218	295	duration	1416734801
218	295	done	1416734802
218	299	duration	1417013139
218	301	duration	1417013606
218	301	done	1417013606
219	286	duration	1414804798
219	292	duration	1414883763
219	299	duration	1415498436
219	304	done	1415620016
219	304	duration	1415620017
219	305	duration	1415961580
219	305	done	1416017754
219	294	duration	1417095898
219	289	done	1417276185
219	307	done	1417873524
219	307	duration	1417876386
219	311	done	1417920687
219	319	done	1418041733
219	319	duration	1418044181
219	334	done	1418532314
219	333	done	1418534690
219	333	duration	1418536588
219	330	duration	1418646790
219	330	done	1418646794
219	322	duration	1418647940
219	322	done	1418647945
219	302	duration	1418647972
219	302	done	1418647977
219	300	duration	1418647998
219	300	done	1418648002
220	285	done	1415498862
220	286	done	1415501869
220	285	duration	1416305628
220	291	done	1417494136
220	292	done	1417495232
220	317	done	1417508931
220	317	duration	1417510157
220	310	done	1417605293
220	310	duration	1417606506
220	288	done	1417701689
220	288	duration	1417705127
222	289	done	1414764403
222	289	duration	1414764404
222	292	duration	1418316338
222	292	done	1418316350
222	299	done	1418578659
222	299	duration	1418581600
222	285	done	1418613348
222	288	done	1418620019
222	294	done	1418658529
222	294	duration	1418661811
223	285	done	1428655205
223	285	tag	1428656398
223	285	duration	1428656580
223	286	done	1428665194
223	289	done	1428668106
223	289	tag	1428668899
223	289	duration	1428668902
223	295	done	1429018953
223	295	tag	1429020828
223	295	duration	1429020832
224	288	duration	1416451357
224	288	done	1416451359
224	317	duration	1416620819
224	317	done	1416620821
224	285	duration	1416790573
224	300	done	1416970634
224	300	duration	1416970635
224	285	done	1418455333
224	292	done	1418538277
224	292	duration	1418541332
224	295	done	1418541360
224	296	done	1418541389
224	304	done	1418744554
224	304	duration	1418744564
224	289	done	1419599723
224	291	done	1419599738
224	291	duration	1419601995
225	285	done	1417654870
228	285	duration	1417594042
228	285	done	1417594070
229	285	done	1428286812
229	285	duration	1428289311
237	285	done	1427458231
237	285	tag	1427459112
237	285	duration	1427459743
237	286	done	1427459756
237	286	tag	1427461317
237	286	duration	1427461393
238	286	done	1421067147
238	286	duration	1421068345
238	294	done	1421455220
238	294	tag	1421457506
238	294	duration	1421457510
238	322	done	1421457523
238	322	tag	1421459808
238	322	duration	1421459814
240	285	done	1415944349
243	329	done	1429450034
243	329	tag	1429450143
243	329	duration	1429450157
243	317	done	1429450168
243	317	duration	1429450173
243	285	done	1429842288
243	285	tag	1429844825
244	286	done	1426859087
244	286	tag	1426860997
244	286	duration	1426861051
244	292	done	1427607058
244	292	tag	1427609555
244	292	duration	1427609632
244	295	done	1427609682
244	295	tag	1427609682
244	285	done	1428798107
244	285	tag	1428800302
244	285	duration	1428800321
245	285	done	1425042775
245	285	tag	1425043937
245	285	duration	1425043976
245	286	duration	1427293887
245	291	done	1427365110
245	291	duration	1427366977
246	285	duration	1429496797
246	285	done	1429539992
246	286	done	1429624580
1	360	enter	1413883798
1	360	done	1413883869
1	391	watch	1415244162
1	386	tag	1415330742
2	391	watch	1414155169
2	360	enter	1414167187
2	360	done	1414167210
2	364	done	1416668571
2	386	tag	1425094865
2	362	done	1425095088
2	362	tag	1425100661
2	362	duration	1425100667
3	391	watch	1415095892
3	360	enter	1415096554
3	360	done	1415096568
3	386	tag	1426656884
3	361	done	1426656895
3	361	duration	1426659397
3	362	done	1426664439
3	362	duration	1426666903
3	365	done	1426676957
3	365	duration	1426679454
3	364	done	1426682674
3	364	duration	1426686094
4	386	tag	1428217847
4	361	done	1428219161
4	361	tag	1428219720
4	361	duration	1428219724
4	362	done	1428222467
4	362	tag	1428222960
4	362	duration	1428222962
4	363	done	1428223913
4	363	tag	1428224780
4	363	duration	1428224782
4	364	done	1428225363
4	364	tag	1428227224
4	364	duration	1428227226
4	365	done	1428227238
4	365	tag	1428228815
4	365	duration	1428228816
4	366	done	1428233266
4	366	tag	1428233937
4	366	duration	1428233938
4	369	done	1428234982
4	369	tag	1428235640
4	369	duration	1428235641
4	371	done	1428237195
4	371	tag	1428237839
4	371	duration	1428237841
4	373	done	1428238442
4	373	tag	1428239068
4	373	duration	1428239070
4	374	done	1428239083
4	374	tag	1428240032
4	374	duration	1428240040
5	360	enter	1415933104
5	360	done	1415933118
5	365	done	1422859705
5	365	duration	1422862307
5	362	done	1423727774
5	362	tag	1423729070
5	362	duration	1423731389
5	391	watch	1426829856
5	389	done	1426830683
5	389	watch	1426830686
5	361	done	1427788146
5	361	duration	1427790492
5	386	tag	1427937050
5	363	done	1427945842
5	363	tag	1427946478
5	363	duration	1427946554
6	383	done	1427463113
6	360	enter	1429315716
6	386	tag	1429528834
7	386	tag	1415078612
7	360	enter	1415110750
7	391	watch	1415110837
7	360	done	1415111738
8	360	enter	1429623714
8	391	watch	1429623741
8	349	done	1429797971
8	371	done	1429798058
8	358	done	1429798073
8	386	tag	1430063012
9	347	duration	1429057802
9	342	done	1429081547
9	348	tag	1429478184
9	363	tag	1429645245
9	337	done	1429662524
9	338	done	1429662572
9	337	duration	1429664290
9	338	duration	1429665243
9	339	done	1429666113
9	365	tag	1429667536
9	343	done	1429668671
9	339	duration	1429670400
9	363	done	1429685439
9	365	done	1429706892
9	386	tag	1429772726
10	360	enter	1414288140
10	360	done	1414288176
10	386	tag	1418780551
10	391	watch	1418780554
11	361	done	1427978193
11	361	duration	1427980805
11	361	tag	1427980817
11	362	done	1428298457
11	362	tag	1428300564
11	362	duration	1428301254
11	363	duration	1428496922
11	363	done	1428497139
11	391	watch	1429420337
11	360	enter	1429420429
11	364	duration	1429757177
11	386	tag	1429796130
11	364	done	1429796165
12	391	watch	1429314091
12	389	watch	1429315287
12	360	enter	1429318248
12	360	done	1429318254
13	388	tag	1413281003
13	362	duration	1413632238
13	362	tag	1413632242
13	362	done	1413632243
13	363	duration	1413809427
13	363	done	1413809427
13	360	done	1414745600
13	360	enter	1414745649
13	371	done	1415099335
13	386	tag	1420032370
13	391	watch	1420855333
14	386	tag	1416279605
14	391	watch	1416279609
14	360	enter	1416724222
14	360	done	1416724238
15	385	tag	1410749609
15	387	tag	1411865679
15	388	tag	1412484186
15	360	done	1414023768
15	364	done	1414455757
15	364	duration	1414455757
15	363	done	1416360234
15	363	duration	1416360234
15	363	tag	1416360234
15	375	duration	1417766450
15	375	done	1417768493
15	376	done	1418718070
15	391	watch	1421226968
15	386	tag	1422326598
15	360	enter	1429078031
16	361	duration	1429740207
16	362	duration	1429752331
16	391	watch	1429775938
16	360	enter	1429777793
16	360	done	1429777813
16	361	done	1429778838
16	362	done	1429790925
16	364	duration	1429825801
16	365	duration	1429828448
16	363	done	1429846553
16	364	done	1429864566
16	365	done	1429867331
16	366	done	1429918724
16	366	duration	1429923328
16	386	tag	1429933389
16	367	done	1429933408
17	386	tag	1429235343
17	361	tag	1429236083
17	361	done	1429236084
17	361	duration	1429236094
17	365	duration	1429236103
18	386	tag	1427764510
18	360	enter	1429528251
18	391	watch	1429530456
19	386	tag	1426662316
19	360	enter	1429576177
20	389	done	1429600294
20	389	watch	1429600297
20	391	watch	1429746142
20	360	enter	1429746475
20	360	done	1429746524
21	363	done	1426720928
21	363	tag	1426723451
21	363	duration	1426723624
21	386	tag	1427780919
21	364	done	1427783294
21	364	tag	1427785373
21	364	duration	1427785429
21	365	done	1427785437
21	365	duration	1427785445
22	391	watch	1413960339
22	360	done	1413964153
22	360	enter	1413964186
22	361	duration	1414115152
22	361	done	1414115153
22	362	done	1414115469
22	364	done	1414369601
22	364	duration	1414369603
22	371	done	1417135706
22	371	duration	1417135706
22	373	duration	1417141186
22	373	done	1417141188
22	386	tag	1418864834
23	360	enter	1416375747
23	360	done	1416375762
23	386	tag	1419421997
23	391	watch	1419422007
24	360	enter	1415603545
24	360	done	1415603562
24	386	tag	1416904048
24	391	watch	1419380631
25	362	tag	1416056986
25	362	done	1416056987
25	360	enter	1416136120
25	360	done	1416136166
25	383	done	1416198342
25	383	duration	1416198343
25	363	done	1416748043
25	363	duration	1416748044
25	361	done	1416964525
25	361	duration	1416964525
25	391	watch	1420198506
25	386	tag	1420198608
26	365	done	1414311382
26	389	watch	1414401249
26	363	duration	1414579066
26	363	done	1414579067
26	362	duration	1414582323
26	362	tag	1414582324
26	362	done	1414582324
26	361	duration	1414672723
26	360	enter	1414933255
26	360	done	1414933261
26	386	tag	1422776887
27	388	tag	1413022363
27	385	tag	1413022494
27	391	watch	1414151736
27	360	enter	1414208608
27	360	done	1414208652
27	386	tag	1418966740
28	381	done	1426693041
28	381	tag	1426693062
28	381	duration	1426694653
28	386	tag	1426694663
28	391	watch	1429978674
28	360	enter	1429978705
29	388	tag	1413198822
29	360	enter	1414244016
29	360	done	1414244097
29	362	done	1416380574
29	363	done	1416441608
29	364	duration	1416457720
29	366	done	1416543725
29	369	done	1416614193
29	369	duration	1416648951
29	386	tag	1419941179
29	391	watch	1419941186
30	361	done	1427097532
30	365	duration	1427097734
30	365	tag	1427097737
30	360	enter	1429277019
30	366	done	1429532744
30	386	tag	1429932784
31	386	tag	1429600097
31	391	watch	1429600107
31	360	enter	1429605300
31	360	done	1429605310
32	386	tag	1429334220
32	367	done	1429334251
32	367	duration	1429336641
32	391	watch	1429837261
32	360	enter	1429841339
32	360	done	1429841368
33	362	duration	1429738134
33	361	done	1429754628
33	362	done	1429776706
33	363	duration	1429824803
33	363	done	1429863705
33	364	duration	1429996865
33	364	done	1430031348
33	386	tag	1430038423
34	387	tag	1413087583
34	365	done	1413087647
34	365	duration	1413087694
34	366	done	1413123669
34	366	duration	1413123679
34	360	enter	1413992980
34	360	done	1413992997
34	386	tag	1414983975
34	391	watch	1418091023
35	360	enter	1416984271
35	360	done	1416984295
35	386	tag	1416986777
35	391	watch	1419650891
36	385	tag	1413255421
36	387	tag	1413255422
36	388	tag	1413255764
36	391	watch	1416298566
36	360	done	1416538249
36	389	done	1417872065
36	389	watch	1418260095
36	386	tag	1428831983
36	360	enter	1429075043
37	385	tag	1411221753
37	388	tag	1413171942
37	360	enter	1414926105
37	360	done	1414926111
37	366	duration	1415278522
37	366	done	1415278524
37	370	duration	1415278536
37	374	duration	1415278627
37	381	done	1415278649
37	383	done	1415278674
37	379	duration	1415283251
37	361	done	1415331429
37	361	tag	1415331429
37	378	done	1415359995
37	373	duration	1415363093
37	373	done	1415363094
37	382	duration	1415363099
37	382	done	1415363100
37	383	duration	1415363102
37	377	duration	1415363113
37	379	done	1415363120
37	364	done	1415590652
37	365	duration	1415679382
37	365	done	1415796409
37	371	done	1416117876
37	386	tag	1417274297
37	391	watch	1418097376
37	389	watch	1418301542
38	360	enter	1415099536
38	360	done	1415099576
38	386	tag	1420686382
38	391	watch	1420686386
39	388	tag	1413115463
39	391	watch	1414029230
39	360	enter	1414029517
39	360	done	1414029525
39	361	done	1414051571
39	361	duration	1414051619
39	362	done	1414367923
39	386	tag	1420682278
40	360	enter	1414027964
40	360	done	1414027975
40	391	watch	1418516298
40	386	tag	1418517073
41	360	enter	1416931533
41	360	done	1416931562
41	386	tag	1417319545
41	391	watch	1420363549
42	360	enter	1414503552
42	360	done	1414503568
42	389	watch	1415776154
42	389	done	1415776188
42	386	tag	1416096019
42	391	watch	1419775651
43	391	watch	1414113674
43	360	enter	1414115092
43	360	done	1414115103
43	386	tag	1416364012
44	389	done	1415759251
44	389	watch	1415759256
44	360	enter	1416469076
44	360	done	1416469089
44	386	tag	1419790071
45	389	done	1415551777
45	389	watch	1415551780
45	386	tag	1416490311
45	360	enter	1416490797
45	360	done	1416490807
46	360	enter	1416492756
46	360	done	1416492767
46	386	tag	1420287743
46	389	done	1420288075
46	389	watch	1420288078
46	391	watch	1420504591
47	390	tag	1414649982
47	360	enter	1414985819
47	360	done	1414985825
47	390	duration	1415942635
47	390	done	1415942649
47	386	tag	1416019516
48	391	watch	1414982744
48	360	enter	1414984523
48	360	done	1414984533
48	390	done	1416018879
48	390	duration	1416018899
48	386	tag	1416018914
49	360	enter	1415164468
49	360	done	1415164475
49	390	duration	1416019130
49	390	done	1416019134
49	386	tag	1416019156
50	390	done	1414648223
50	390	duration	1414648253
50	360	enter	1414985517
50	360	done	1414985524
50	386	tag	1416019320
50	391	watch	1420757655
51	388	tag	1413339156
51	380	duration	1413785353
51	380	done	1413785353
51	382	duration	1413877471
51	360	done	1413942605
51	383	duration	1413943353
51	386	tag	1416796054
51	360	enter	1429071103
51	391	watch	1429071332
52	360	done	1415256291
52	386	tag	1417765226
52	391	watch	1419217207
52	360	enter	1429083579
53	391	watch	1416189888
53	360	enter	1416277356
53	360	done	1416277373
53	386	tag	1416277702
54	360	enter	1414679244
54	360	done	1414679268
54	391	watch	1419318465
54	386	tag	1421461925
54	384	done	1421461951
54	384	duration	1421462740
55	363	duration	1426830704
55	363	done	1426831116
55	364	done	1427003244
55	364	duration	1427006084
55	365	done	1427073942
55	365	duration	1427076662
55	360	enter	1429059850
55	386	tag	1429497767
55	391	watch	1429700192
56	361	done	1427031442
56	361	tag	1427033493
56	391	watch	1429656854
56	360	enter	1429747922
56	360	done	1429747929
56	363	duration	1429926730
56	386	tag	1429965127
56	363	done	1429965187
57	360	done	1415331799
57	360	enter	1415331862
57	386	tag	1419554752
57	391	watch	1419579723
58	388	tag	1409740382
58	360	enter	1415448803
58	360	done	1415448897
58	391	watch	1419399347
58	386	tag	1419421966
59	386	tag	1429188328
59	391	watch	1429708168
59	360	enter	1429709814
59	360	done	1429709862
60	360	enter	1416366430
60	360	done	1416366463
60	386	tag	1417159677
61	388	tag	1413271633
61	360	enter	1415930228
61	360	done	1415930233
61	386	tag	1419822052
62	360	enter	1416194889
62	360	done	1416194902
62	386	tag	1417264474
62	391	watch	1418989636
63	388	tag	1413359145
63	360	enter	1416037741
63	360	done	1416037746
63	386	tag	1419303123
64	360	enter	1416195275
64	360	done	1416195307
64	386	tag	1417264576
64	391	watch	1418005410
65	360	enter	1416206329
65	360	done	1416206343
65	386	tag	1417408875
65	391	watch	1418988081
66	360	enter	1416367074
66	360	done	1416367084
66	361	done	1418279321
66	361	duration	1418279323
66	362	done	1418279343
66	362	duration	1418279346
66	363	done	1418279370
66	363	duration	1418279373
66	386	tag	1418862061
67	360	enter	1415842545
67	360	done	1415842563
67	391	watch	1418012207
67	386	tag	1418113198
68	386	tag	1429965655
68	391	watch	1429965995
68	360	enter	1429966474
68	360	done	1429966483
69	386	tag	1417405545
69	360	enter	1417406353
69	360	done	1417406359
69	391	watch	1420856170
70	360	enter	1414899243
70	360	done	1414899251
70	361	done	1418843848
70	361	duration	1418846440
70	363	done	1418846450
70	363	duration	1418847622
70	371	done	1419413923
70	371	duration	1419416099
70	377	done	1419469007
70	377	duration	1419471599
70	386	tag	1419493215
70	391	watch	1419651835
71	360	enter	1416396710
71	360	done	1416396722
71	391	watch	1420618217
71	386	tag	1420618233
72	387	tag	1413333310
72	388	tag	1413333527
72	360	enter	1415685513
72	360	done	1415685548
72	364	done	1416276011
72	364	duration	1418709956
72	356	duration	1418710258
72	366	done	1418779893
72	366	duration	1418779902
72	367	done	1418779961
72	367	duration	1418779970
72	368	done	1418783599
72	369	done	1418800953
72	373	done	1419327390
72	373	duration	1419327401
72	362	done	1420448617
72	362	duration	1420448625
72	363	done	1420448677
72	363	duration	1420448684
72	370	done	1420533380
72	370	duration	1420535937
72	391	watch	1420626979
72	361	done	1420678309
72	361	duration	1420678317
72	374	done	1420678329
72	374	duration	1420678335
72	371	done	1420699187
72	371	duration	1420701742
72	386	tag	1420706955
72	372	done	1420706966
72	372	duration	1420709446
73	360	enter	1416929640
73	360	done	1416929764
73	386	tag	1420616729
73	391	watch	1420686554
74	388	tag	1412865973
74	360	enter	1414897216
74	360	done	1414897223
74	362	duration	1415707159
74	362	done	1415707161
74	354	done	1415710456
74	354	duration	1415710458
74	361	done	1417783158
74	365	duration	1417792100
74	365	done	1417792111
74	380	duration	1418303581
74	380	done	1418303587
74	386	tag	1418569225
74	379	done	1418569706
74	383	done	1418569724
74	383	duration	1418572779
74	391	watch	1420368999
75	386	tag	1417695222
75	361	done	1417696592
75	361	duration	1417697003
75	362	done	1417697818
75	362	duration	1417698547
75	391	watch	1420372359
76	362	done	1413959714
76	362	duration	1413959754
76	361	done	1415102477
76	361	duration	1415102479
76	360	enter	1416450993
76	360	done	1416451016
76	386	tag	1417524189
77	361	duration	1427379214
77	361	done	1427379217
77	362	done	1427546324
77	362	duration	1427549085
77	364	done	1427637835
77	364	duration	1427637901
77	366	tag	1427638129
77	366	done	1427638130
77	366	duration	1427638162
77	363	done	1427716027
77	363	duration	1427718711
77	386	tag	1427720369
77	367	tag	1427720393
77	367	done	1427720396
77	368	done	1427720426
77	368	duration	1427720438
77	369	done	1427720443
77	369	duration	1427720455
78	386	tag	1429606380
78	391	watch	1429658301
78	360	enter	1429658656
78	360	done	1429658675
79	391	watch	1429598360
79	360	enter	1429666122
79	360	done	1429666145
79	361	duration	1429732650
79	340	done	1429774094
79	361	done	1429780716
79	362	duration	1429820754
79	342	duration	1429823458
79	345	duration	1429825854
79	386	tag	1429859529
79	362	done	1429859535
79	342	done	1429862311
79	345	done	1429865008
80	386	tag	1415090562
80	361	duration	1415090573
80	361	done	1415090574
80	360	enter	1416448431
80	360	done	1416448442
81	360	enter	1416397761
81	360	done	1416397793
81	361	done	1418216878
81	361	duration	1418216881
81	386	tag	1418219641
81	391	watch	1420512228
82	365	done	1415419654
82	365	duration	1415419656
82	391	watch	1415710263
82	360	enter	1416405211
82	360	done	1416405238
82	362	tag	1416488933
82	363	done	1417789550
82	363	duration	1417789553
82	364	done	1417789592
82	364	duration	1417789633
82	367	done	1417873792
82	367	duration	1417873797
82	368	done	1417873830
82	368	duration	1417873836
82	380	done	1417873874
82	380	duration	1417873877
82	361	done	1420637614
82	361	duration	1420637618
82	386	tag	1420637669
82	362	done	1420637680
82	362	duration	1420637683
83	360	enter	1416571109
83	360	done	1416571120
83	361	done	1416577791
83	361	duration	1416577792
83	363	done	1416721048
83	362	done	1416963718
83	362	duration	1416972473
83	370	duration	1416984820
83	370	done	1416984821
83	386	tag	1417049195
83	391	watch	1420774743
84	388	tag	1413337621
84	391	watch	1416584192
84	360	enter	1416888805
84	360	done	1416888841
84	386	tag	1419385192
85	387	tag	1410566282
85	388	tag	1413361972
85	360	enter	1415291645
85	360	done	1415291652
85	391	watch	1415603785
85	382	done	1415851308
85	380	duration	1415941974
85	386	tag	1416464545
86	391	watch	1415370086
86	360	done	1415371129
86	360	enter	1415371189
86	361	tag	1416492370
86	361	duration	1416712480
86	361	done	1416712480
86	363	done	1416712542
86	363	duration	1416712542
86	362	duration	1416798307
86	362	done	1416798307
86	386	tag	1416798354
87	385	tag	1411704265
87	388	tag	1413354880
87	387	tag	1413354882
87	368	duration	1414234190
87	372	done	1414373165
87	372	duration	1414373165
87	391	watch	1414661935
87	360	enter	1414894685
87	360	done	1414894706
87	362	duration	1414896012
87	386	tag	1416285446
88	387	tag	1409907218
88	385	tag	1409907230
88	388	tag	1413342015
88	391	watch	1415084176
88	360	enter	1416362115
88	360	done	1416362123
89	389	done	1415841606
89	360	enter	1416709478
89	360	done	1416709500
89	389	watch	1416878626
89	386	tag	1417409193
89	391	watch	1421325795
90	386	tag	1415770767
90	391	watch	1415770839
90	360	enter	1415771582
90	360	done	1415771613
91	386	tag	1413119010
91	391	watch	1414506977
91	360	enter	1414508911
91	360	done	1414508927
92	388	tag	1413184865
92	391	watch	1415318784
92	360	enter	1416182859
92	360	done	1416182876
93	391	watch	1414648731
93	360	enter	1414655208
93	360	done	1414655222
93	386	tag	1415257291
94	386	tag	1416891015
94	391	watch	1416891022
94	360	enter	1416920225
94	360	done	1416920763
95	386	tag	1416627978
95	391	watch	1416627985
95	360	enter	1416641895
95	360	done	1416641914
96	387	tag	1410780123
96	388	tag	1412908715
96	386	tag	1415007547
96	391	watch	1415704068
96	360	enter	1416200849
96	360	done	1416200964
97	386	tag	1429191199
97	360	enter	1429191273
97	361	done	1429191306
97	391	watch	1429191402
97	361	duration	1429193822
98	388	tag	1410957219
98	383	done	1414753856
98	382	done	1414753868
98	382	duration	1414753872
98	371	duration	1414839446
98	391	watch	1415851752
98	360	enter	1415853745
98	360	done	1415853765
98	365	done	1418126106
98	386	tag	1419507251
98	381	done	1419507267
98	379	done	1419510871
99	387	tag	1411479812
99	385	tag	1411479820
99	388	tag	1413016451
99	391	watch	1414560574
99	360	enter	1414561607
99	360	done	1414561622
99	370	duration	1414564133
99	371	duration	1414564162
99	371	done	1414564164
99	372	duration	1414564300
99	373	done	1414564684
99	375	done	1414565371
99	376	done	1414565399
99	378	duration	1414565495
99	379	done	1414565515
99	380	done	1414565735
99	380	duration	1414565736
99	381	done	1414728017
99	382	done	1414728029
99	382	duration	1414728029
99	386	tag	1414728045
99	383	duration	1414728053
99	383	done	1414728054
100	351	done	1428041044
100	353	done	1428053863
100	352	done	1428053870
100	357	done	1428053899
100	386	tag	1429843983
101	386	tag	1415064880
101	391	watch	1415064883
101	360	enter	1415065132
101	360	done	1415065139
102	389	watch	1417429652
102	391	watch	1417429716
102	360	enter	1417430123
102	360	done	1417430153
102	366	done	1418140824
102	366	duration	1418143848
102	386	tag	1418550161
102	365	done	1418550178
102	365	duration	1418552781
102	368	done	1418555272
102	368	duration	1418558589
103	386	tag	1416393026
103	391	watch	1416393691
103	360	enter	1416394697
103	360	done	1416394722
104	362	duration	1414642336
104	362	done	1414642338
104	391	watch	1416364385
104	360	enter	1416923172
104	360	done	1416923367
104	386	tag	1418732690
105	386	tag	1415937092
105	391	watch	1415937127
105	360	enter	1415937599
105	360	done	1415937616
106	360	enter	1415781533
106	360	done	1415781570
106	366	done	1417238633
106	391	watch	1418265530
106	378	done	1418273837
106	378	duration	1418276910
106	373	done	1418567514
106	373	duration	1418569877
106	383	done	1418801677
106	362	done	1418872505
106	364	done	1418896888
106	362	duration	1418964928
106	376	done	1419079435
106	376	duration	1419082536
106	363	done	1419430828
106	363	duration	1419433512
106	386	tag	1421510812
106	365	done	1421510892
106	365	duration	1421513493
107	386	tag	1429601889
107	391	watch	1429944322
107	360	enter	1429944880
107	360	done	1429944889
108	362	done	1426684914
108	362	duration	1426684916
108	391	watch	1429621008
108	360	enter	1429621350
108	360	done	1429621362
108	386	tag	1429702838
109	361	duration	1429997587
109	360	enter	1430018240
109	360	done	1430018254
109	386	tag	1430034006
109	361	done	1430036564
110	361	duration	1429500188
110	386	tag	1429543395
110	361	done	1429543403
111	362	duration	1428290863
111	362	tag	1428290865
111	362	done	1428319073
111	344	done	1429184621
111	341	done	1429264391
111	341	duration	1429267396
111	339	done	1429511402
111	339	tag	1429513724
111	346	done	1429514725
111	361	duration	1429558232
111	338	duration	1429560883
111	386	tag	1429596374
111	361	done	1429596391
111	338	done	1429599673
111	340	done	1429602336
111	391	watch	1429862735
111	360	enter	1429864173
111	360	done	1429864183
112	361	duration	1428480526
112	361	done	1429229303
112	360	enter	1429686378
112	391	watch	1429765289
112	362	duration	1429817485
112	386	tag	1429852783
112	362	done	1429855487
113	361	done	1428501593
113	361	duration	1428501597
113	386	tag	1430048846
114	386	tag	1429485679
114	391	watch	1429685267
114	360	enter	1429686672
114	360	done	1429686686
115	361	done	1427338626
115	362	done	1427338700
115	363	done	1427342133
115	364	done	1427342166
115	365	duration	1427342168
115	365	tag	1427342173
115	367	done	1427345965
115	367	duration	1427349433
115	368	done	1427349453
115	369	duration	1427349455
115	369	tag	1427349459
115	369	done	1427349470
115	370	done	1427357196
115	371	done	1427357208
115	372	done	1427357254
115	386	tag	1427360165
115	374	done	1427360187
115	375	done	1427360211
115	376	done	1427360218
115	377	done	1427360231
115	378	done	1427360329
115	378	duration	1427364545
116	362	done	1427021903
116	369	done	1427884861
116	363	done	1428204403
116	363	duration	1428207007
116	368	done	1428207014
116	368	duration	1428210021
116	364	done	1429105836
116	391	watch	1429702334
116	360	enter	1429703042
116	360	done	1429703057
116	367	done	1429710806
116	386	tag	1429714446
117	391	watch	1429714719
117	360	enter	1429715590
117	360	done	1429715597
117	361	duration	1429757848
117	386	tag	1429790552
117	361	done	1429796657
117	362	done	1429802205
117	362	tag	1429848232
118	386	tag	1429931499
118	360	enter	1429940839
118	360	done	1429940857
119	391	watch	1429186972
119	360	enter	1429187118
119	360	done	1429187203
119	363	duration	1429668213
119	361	duration	1429677581
119	363	done	1429706958
119	361	done	1429873315
119	386	tag	1430047943
119	362	done	1430047987
120	388	tag	1413251415
120	360	done	1414670900
120	364	done	1414797897
120	365	duration	1414797907
120	365	done	1414797909
120	366	done	1415054065
120	377	duration	1415243141
120	377	done	1415243144
120	378	duration	1415243154
120	378	done	1415243155
120	379	duration	1415243170
120	379	done	1415243172
120	362	duration	1415532000
120	368	done	1415953904
120	369	done	1417218831
120	369	duration	1417218834
120	382	done	1417482652
120	383	done	1417482659
120	360	enter	1429665565
120	386	tag	1429678283
120	391	watch	1429679082
121	360	enter	1417268410
121	360	done	1417268469
121	391	watch	1419309679
121	386	tag	1419311322
122	360	enter	1414910230
122	360	done	1414910266
122	362	done	1417184458
122	362	duration	1417184458
122	363	duration	1417184581
122	365	done	1417445420
122	365	duration	1417448752
122	386	tag	1419334629
122	391	watch	1419339391
123	361	done	1414198115
123	362	done	1414627233
123	389	watch	1416046962
123	360	done	1416361349
123	360	enter	1416361366
123	386	tag	1418691290
123	367	done	1418691302
123	367	duration	1418691852
123	391	watch	1419325691
124	360	enter	1417353259
124	360	done	1417353268
124	386	tag	1419337680
124	391	watch	1419338203
124	389	watch	1419338288
125	391	watch	1415349356
125	360	enter	1415350734
125	360	done	1415350745
125	386	tag	1419255886
126	360	enter	1417308120
126	360	done	1417308140
126	361	duration	1417532345
126	361	done	1417908843
126	362	done	1417908864
126	363	done	1417908884
126	366	done	1417908902
126	372	done	1417908911
126	379	done	1417908921
126	386	tag	1418320388
126	391	watch	1419387247
127	360	enter	1415351667
127	360	done	1415351677
127	386	tag	1417410247
127	391	watch	1419220839
128	381	done	1426669106
128	381	duration	1426669117
128	383	done	1427273056
128	383	duration	1427273079
128	386	tag	1427334646
129	373	done	1426683502
129	371	done	1426741314
129	377	done	1426741350
129	378	done	1426741466
129	372	done	1426856350
129	372	tag	1426856354
129	381	tag	1426857943
129	382	tag	1426857949
129	383	tag	1427123267
129	361	tag	1427123491
129	362	tag	1427123519
129	363	tag	1427123542
129	364	tag	1427123577
129	365	done	1427123581
129	365	tag	1427123584
129	366	tag	1427123629
129	367	tag	1427123655
129	368	tag	1427123670
129	369	done	1427123674
129	369	tag	1427123678
129	374	done	1427123704
129	374	tag	1427123706
129	375	done	1427123718
129	375	tag	1427123720
129	386	tag	1427267384
129	361	duration	1427267405
129	361	done	1427267407
129	362	duration	1427267429
129	362	done	1427267431
129	363	duration	1427267451
129	363	done	1427267453
129	364	duration	1427267488
129	364	done	1427267495
129	366	duration	1427267508
129	366	done	1427267510
129	367	duration	1427267534
129	367	done	1427267536
129	368	done	1427267549
129	379	duration	1427267574
129	379	done	1427267576
129	383	duration	1427267607
129	383	done	1427267609
129	382	duration	1427267616
129	382	done	1427267618
129	381	duration	1427267626
129	381	done	1427267628
129	380	duration	1427267659
129	380	done	1427267662
130	386	tag	1428540824
130	391	watch	1429778019
130	360	enter	1429778339
130	360	done	1429778377
131	360	enter	1414753070
131	360	done	1414753079
131	386	tag	1418988920
131	391	watch	1419582955
132	388	tag	1413066840
132	360	enter	1414923530
132	360	done	1414923545
132	386	tag	1419256717
132	391	watch	1419256719
133	360	enter	1414841058
133	360	done	1414841087
133	386	tag	1419496094
133	391	watch	1419496100
134	388	tag	1411647178
134	360	enter	1415620243
134	360	done	1415620321
134	361	duration	1415620654
134	364	done	1417347438
134	364	duration	1417347438
134	383	done	1417605220
134	382	duration	1417608290
134	382	done	1417608299
134	381	duration	1417611270
134	378	done	1418382056
134	363	duration	1418425287
134	363	done	1418426335
134	386	tag	1419044742
134	391	watch	1419044751
135	388	tag	1412431949
135	360	enter	1414392023
135	360	done	1414392034
135	361	done	1414993434
135	371	duration	1414993577
135	361	duration	1416575615
135	365	done	1417588368
135	365	duration	1417590522
135	366	done	1417590532
135	366	duration	1417593430
135	386	tag	1418260040
135	391	watch	1418956499
136	360	enter	1413266423
136	388	tag	1413267077
136	386	tag	1414114849
136	391	watch	1418733038
137	388	tag	1410360205
137	360	enter	1416152931
137	360	done	1416152994
137	391	watch	1419433217
138	385	tag	1409579094
138	387	tag	1412337941
138	364	done	1413723143
138	360	enter	1414937189
138	360	done	1414937264
138	379	done	1417847316
138	372	done	1418463187
138	391	watch	1418732619
138	378	duration	1419167082
138	386	tag	1420292499
138	365	done	1420292551
138	365	duration	1420293908
139	386	tag	1416028153
139	360	enter	1416030239
139	360	done	1416030440
139	391	watch	1419256934
140	363	done	1413851752
140	360	enter	1413945121
140	360	done	1413945140
140	362	done	1414370616
140	363	duration	1414456609
140	368	duration	1415243503
140	364	duration	1415402047
140	364	done	1415402049
140	377	duration	1415440366
140	367	done	1416525689
140	366	duration	1416556025
140	366	done	1416556025
140	386	tag	1416701512
140	372	done	1416701529
140	372	duration	1416701571
140	391	watch	1419584902
141	388	tag	1409618586
141	360	enter	1416734378
141	360	done	1416734385
141	364	done	1417448342
141	364	duration	1417448400
141	391	watch	1419346702
141	362	duration	1419350320
141	362	done	1419753644
141	350	tag	1420379183
141	350	duration	1420380162
141	386	tag	1420889880
141	361	tag	1420893405
141	361	done	1420901078
141	361	duration	1420902608
142	360	enter	1416382617
142	360	done	1416382661
142	386	tag	1419478254
142	391	watch	1419478290
143	387	tag	1412420507
143	360	done	1414414622
143	360	enter	1414414638
143	386	tag	1416136556
143	391	watch	1417521417
144	386	tag	1416225474
144	360	enter	1416227305
144	360	done	1416227330
144	391	watch	1419232338
145	388	tag	1411654076
145	360	enter	1414918093
145	360	done	1414918101
145	391	watch	1417526149
146	364	done	1428815104
146	364	tag	1428815983
146	364	duration	1428817962
146	368	done	1428820750
146	368	duration	1428824019
146	376	done	1428826311
146	376	tag	1428827567
146	360	enter	1429107026
146	391	watch	1429107396
146	365	done	1429155711
146	365	tag	1429158169
146	365	duration	1429158322
146	366	done	1429158787
146	366	tag	1429159862
146	366	duration	1429162084
146	383	done	1429172209
146	383	tag	1429173805
146	383	duration	1429174744
146	386	tag	1429425468
147	386	tag	1413205015
147	387	tag	1413205042
147	388	tag	1413205062
147	360	enter	1415586302
147	360	done	1415586335
147	391	watch	1419598292
148	391	watch	1430026213
148	360	enter	1430029754
148	360	done	1430029768
148	386	tag	1430030663
149	385	tag	1411776893
149	387	tag	1411776896
149	388	tag	1411776898
149	360	enter	1415084785
149	360	done	1415084803
149	364	done	1415447964
149	364	duration	1415447966
149	365	duration	1415455793
149	365	done	1415455799
149	366	duration	1415519178
149	366	done	1415519181
149	371	duration	1415714294
149	371	done	1415714296
149	372	duration	1415717138
149	372	done	1415717139
149	375	tag	1415795384
149	375	duration	1415795385
149	379	duration	1415799604
149	386	tag	1419602665
149	391	watch	1419602669
150	360	enter	1416225852
150	360	done	1416225907
150	391	watch	1418699667
150	362	duration	1418710163
150	386	tag	1419263543
151	360	enter	1413944091
151	360	done	1413944100
151	391	watch	1418634555
151	386	tag	1422672633
152	391	watch	1429337651
152	386	tag	1429337796
152	360	enter	1429339741
152	360	done	1429339748
153	391	watch	1429084876
153	386	tag	1429087583
153	360	enter	1429087638
153	360	done	1429087641
154	361	done	1429169741
154	361	duration	1429171026
154	386	tag	1429329973
154	360	enter	1429856701
154	391	watch	1429856761
155	391	watch	1429534014
155	360	enter	1429534272
155	360	done	1429534280
155	386	tag	1429534303
156	391	watch	1429767498
156	386	tag	1429773116
156	360	enter	1429880899
156	360	done	1429880905
157	359	done	1427689015
157	359	tag	1427689141
157	359	duration	1427693914
157	370	duration	1428243585
157	370	done	1428243588
157	375	duration	1428244323
157	375	done	1428244328
157	362	done	1428279519
157	362	duration	1428282591
157	361	done	1428282601
157	361	duration	1428285355
157	369	done	1428542093
157	383	duration	1428543350
157	383	done	1428543357
157	386	tag	1428570873
157	391	watch	1429501167
157	360	enter	1429504836
157	360	done	1429504850
158	386	tag	1428628694
158	391	watch	1429086684
158	360	enter	1429093460
158	360	done	1429093483
159	387	tag	1410310981
159	388	tag	1410772913
159	360	done	1415154189
159	360	enter	1429081372
159	391	watch	1429081534
160	360	enter	1415604100
160	360	done	1415604107
160	386	tag	1416534619
160	391	watch	1419388799
161	388	tag	1413278297
161	360	enter	1413963118
161	360	done	1413963125
161	364	duration	1415245113
161	365	duration	1415256610
161	362	duration	1416225394
161	383	tag	1416920436
161	383	done	1416920449
161	383	duration	1416920451
161	391	watch	1419566508
161	386	tag	1420510801
162	385	tag	1413197039
162	360	enter	1414682180
162	360	done	1414682184
162	362	done	1416500029
162	362	duration	1416500032
162	383	done	1416500056
162	383	duration	1416500061
162	391	watch	1417676769
162	386	tag	1428319631
163	386	tag	1428828293
164	360	enter	1417444616
164	360	done	1417444630
164	386	tag	1419581764
164	391	watch	1419651333
165	360	enter	1415006068
165	360	done	1415006077
165	386	tag	1419485970
165	391	watch	1419485973
166	386	tag	1416575122
166	360	enter	1416576274
166	360	done	1416576287
166	391	watch	1419397682
167	388	tag	1413339613
167	360	enter	1429077535
167	386	tag	1429077639
167	391	watch	1429077641
168	360	enter	1416314743
168	360	done	1416314781
168	386	tag	1418633126
168	391	watch	1418633131
169	360	enter	1429147342
169	372	duration	1429732834
169	371	done	1429768251
169	372	done	1429771775
169	386	tag	1429836106
169	368	done	1429836119
169	368	duration	1429841046
169	381	done	1429842418
169	381	duration	1429844075
170	362	done	1427438217
170	386	tag	1429836998
171	361	duration	1427729443
171	361	done	1427729447
171	362	duration	1427729465
171	362	done	1427729468
171	386	tag	1428925390
171	391	watch	1429531412
171	360	enter	1429535058
171	360	done	1429535071
172	360	enter	1416280030
172	360	done	1416280039
172	391	watch	1420831334
172	386	tag	1424843804
173	361	done	1427819379
173	365	duration	1428150469
173	362	done	1428422380
173	362	duration	1428425136
173	371	done	1428485943
173	383	done	1428507596
173	383	duration	1428510093
173	364	tag	1428937583
173	360	enter	1429097345
173	369	done	1429187851
173	369	tag	1429188489
173	369	duration	1429190263
173	370	done	1429195776
173	370	duration	1429198310
173	367	done	1429353192
173	367	duration	1429357360
173	363	duration	1429569897
173	363	done	1429608642
173	364	done	1429623962
173	386	tag	1429719040
173	377	done	1429719054
174	361	done	1429497605
174	391	watch	1429669557
174	341	done	1429669822
174	362	done	1429923824
174	363	done	1429926698
174	363	duration	1429931002
174	360	enter	1430008618
174	360	done	1430008631
174	386	tag	1430021666
175	360	enter	1416031412
175	360	done	1416031434
175	363	done	1416307328
175	363	duration	1416307329
175	366	done	1416472015
175	391	watch	1417066920
175	386	tag	1417073187
175	365	done	1417073194
176	360	done	1413975142
176	360	enter	1413975210
176	364	done	1414212239
176	364	duration	1414212240
176	368	done	1414216705
176	368	duration	1414216707
176	386	tag	1414579166
176	389	watch	1417920343
176	391	watch	1419564888
177	391	watch	1417010718
177	360	enter	1417011012
177	360	done	1417011095
177	386	tag	1417611581
177	361	duration	1417619010
177	361	done	1417619021
177	389	watch	1417954164
177	389	done	1417954177
178	364	duration	1427352811
178	365	done	1427354270
178	365	duration	1427354596
178	368	done	1427770349
178	368	duration	1427770830
178	371	done	1427787833
178	371	duration	1427790387
178	375	done	1428022331
178	375	duration	1428022581
178	377	done	1428023232
178	377	duration	1428023303
178	378	done	1428023707
178	378	duration	1428023951
178	381	done	1428374643
178	381	duration	1428374727
178	382	done	1428391984
178	382	duration	1428392058
178	383	done	1428392411
178	383	duration	1428392514
178	379	done	1428392553
178	379	duration	1428392701
178	366	done	1428392709
178	366	duration	1428392714
178	376	done	1428455591
178	376	duration	1428455599
178	367	done	1428455613
178	367	duration	1428455722
178	370	done	1428455739
178	370	duration	1428455859
178	386	tag	1428455988
178	360	enter	1429594665
179	388	tag	1411602001
179	386	tag	1414649004
179	391	watch	1414741563
179	360	done	1415869950
179	360	enter	1429164439
180	385	tag	1412461794
180	387	tag	1412565332
180	388	tag	1412565365
180	360	enter	1413937857
180	360	done	1413937871
180	361	duration	1413951211
180	363	done	1413975628
180	366	done	1414063720
180	366	duration	1414063721
180	367	done	1414126619
180	367	duration	1414126622
180	369	done	1414242386
180	372	done	1414329342
180	380	done	1414388529
180	380	duration	1414388529
180	382	duration	1414661149
180	382	done	1414661149
180	386	tag	1418532912
180	391	watch	1418555895
181	388	tag	1413299977
181	391	watch	1413979946
181	360	enter	1413982260
181	360	done	1413982272
181	386	tag	1427464572
182	391	watch	1414486597
182	360	enter	1414486749
182	360	done	1414486757
182	386	tag	1414487194
183	386	tag	1414464614
183	391	watch	1414464620
183	360	enter	1414464835
183	360	done	1414464845
184	360	enter	1414484172
184	360	done	1414484180
184	386	tag	1414484978
184	361	duration	1414484986
184	362	duration	1414484993
184	391	watch	1419228520
185	360	enter	1416453546
185	360	done	1416453587
185	386	tag	1418623089
185	391	watch	1418966139
186	376	done	1428552461
186	376	duration	1428555531
186	365	done	1428638986
186	366	done	1429075883
186	363	done	1429243620
186	363	duration	1429246365
186	386	tag	1429867627
187	360	enter	1413254455
187	360	done	1413254464
187	388	tag	1413277403
187	378	duration	1413708719
187	378	done	1413708721
187	377	done	1413964857
187	377	duration	1413964857
187	369	done	1414035703
187	380	done	1414306568
187	380	duration	1414306568
187	364	duration	1416472004
187	364	done	1416472006
187	365	duration	1416475100
187	365	done	1416475100
187	391	watch	1419327699
187	381	duration	1421227786
187	382	duration	1421227833
187	383	duration	1421227884
187	386	tag	1421566282
188	360	enter	1415968706
188	360	done	1415968712
188	386	tag	1419592255
188	391	watch	1419592264
189	363	done	1426907304
189	363	duration	1426907318
189	364	done	1427104914
189	364	duration	1427105142
189	365	tag	1427105338
189	365	duration	1427105368
189	365	done	1427105378
189	371	done	1427197596
189	371	duration	1427197781
189	367	done	1427198349
189	367	duration	1427198505
189	368	done	1427198513
189	368	duration	1427198956
189	370	tag	1428221627
189	370	done	1428222991
189	370	duration	1428223113
189	379	done	1428223753
189	379	duration	1428223942
189	373	done	1428290890
189	373	duration	1428293258
189	362	done	1429184344
189	362	tag	1429186484
189	362	duration	1429186488
189	386	tag	1429424601
189	366	done	1429424618
189	366	duration	1429425040
189	369	done	1429425052
189	369	duration	1429425221
189	376	done	1429426615
189	376	duration	1429427196
189	375	done	1429427205
189	375	tag	1429427344
189	375	duration	1429427349
189	391	watch	1429783171
189	360	enter	1429784017
189	360	done	1429784024
190	389	watch	1410224633
190	360	enter	1414485733
190	360	done	1414485768
190	386	tag	1421412575
190	391	watch	1421412578
191	360	enter	1415062823
191	360	done	1415062829
191	386	tag	1421066656
191	391	watch	1421066675
192	360	enter	1417071129
192	360	done	1417071199
192	386	tag	1420598425
192	391	watch	1421469969
193	386	tag	1429699000
193	391	watch	1429699004
193	360	enter	1429709194
193	360	done	1429709213
194	389	watch	1414235388
194	391	watch	1429658888
194	360	enter	1429659422
194	360	done	1429659435
195	386	tag	1419592887
196	360	enter	1415927115
196	360	done	1415927127
196	386	tag	1420785408
196	391	watch	1420786033
197	386	tag	1420528656
197	361	done	1420528850
198	361	done	1428312416
198	362	done	1428407437
198	362	tag	1428409774
198	362	duration	1428410196
198	363	done	1428817028
198	363	duration	1428820034
198	364	done	1428832154
198	386	tag	1429014982
198	360	enter	1429183964
198	391	watch	1429184390
199	391	watch	1416469116
199	360	enter	1416470358
199	360	done	1416470363
199	386	tag	1417336181
200	386	tag	1428483392
200	364	done	1428486072
200	364	duration	1428488484
200	360	enter	1429091746
201	360	enter	1429263288
201	391	watch	1429263471
201	363	done	1429516908
201	365	done	1429516913
201	368	duration	1429652182
201	368	done	1429693088
201	361	duration	1429812086
201	361	done	1429853453
201	362	duration	1429900975
201	367	duration	1429913055
201	362	done	1429939015
201	386	tag	1429946035
201	367	done	1429946078
202	360	enter	1414671597
202	360	done	1414671610
202	361	duration	1416401055
202	361	done	1416401056
202	370	done	1417869120
202	370	duration	1417869530
202	371	done	1417869773
202	371	duration	1417870184
202	373	done	1417871233
202	373	duration	1417872173
202	374	done	1417872187
202	374	duration	1417872670
202	391	watch	1417955438
202	363	done	1419080038
202	363	duration	1419081423
202	386	tag	1421155341
202	366	done	1421155367
203	360	enter	1417172067
203	386	tag	1417172162
203	391	watch	1418308825
204	388	tag	1410057497
204	360	done	1416973047
204	360	enter	1416973080
204	391	watch	1418191657
205	363	done	1427117879
205	363	tag	1427119918
205	363	duration	1427120563
205	386	tag	1428724519
205	362	done	1428725572
205	362	tag	1428725589
205	362	duration	1428725593
206	360	enter	1416974439
206	360	done	1416974448
206	367	tag	1417497228
206	367	duration	1417497416
206	386	tag	1417497439
206	391	watch	1419604809
207	361	done	1427111273
207	361	duration	1427113293
207	355	done	1427288491
207	355	duration	1427289776
207	367	done	1427896164
207	367	duration	1427896599
207	386	tag	1429964527
207	391	watch	1429968315
207	360	enter	1429968658
207	360	done	1429968696
208	361	duration	1414029383
208	361	done	1414029384
208	363	done	1414466245
208	365	done	1414545501
208	365	duration	1414545509
208	360	done	1415012772
208	391	watch	1417517216
208	386	tag	1418218726
208	360	enter	1429083415
209	361	tag	1429918500
209	361	duration	1429918505
209	386	tag	1429952842
209	361	done	1429957611
210	360	enter	1415535946
210	360	done	1415535960
210	361	duration	1418796341
210	362	duration	1418988543
210	366	duration	1419309970
210	368	duration	1419309985
210	391	watch	1419492463
210	383	duration	1419631334
210	366	done	1419741677
210	383	done	1419845939
210	361	done	1419939265
210	362	done	1419939287
210	364	done	1419939330
210	371	done	1419939366
210	363	done	1420003105
210	386	tag	1420169344
211	391	watch	1415186974
211	360	enter	1415607198
211	360	done	1415607207
211	362	done	1415841892
211	386	tag	1416191695
212	361	done	1427079181
212	361	duration	1427081254
212	362	done	1427098876
212	362	duration	1427102119
212	363	duration	1427339408
212	363	done	1427339430
212	364	done	1427441619
212	364	tag	1427442522
212	364	duration	1427445553
212	365	done	1427768937
212	371	done	1427938070
212	367	done	1428543509
212	367	duration	1428546078
212	386	tag	1428677794
212	369	done	1428677805
212	369	duration	1428680464
212	360	enter	1429435119
212	391	watch	1429435218
213	363	done	1426728004
213	369	done	1426764876
213	369	duration	1426767227
213	364	done	1427112917
213	364	duration	1427115380
213	361	done	1427211860
213	361	duration	1427211997
213	380	done	1429021310
213	380	duration	1429022850
213	391	watch	1429707278
213	360	enter	1429707892
213	360	done	1429707906
213	362	duration	1429752202
213	362	done	1429793483
213	362	tag	1429793607
213	366	duration	1429912952
213	386	tag	1429952332
213	366	done	1429952341
214	361	done	1429006580
214	361	tag	1429008971
214	361	duration	1429009099
214	386	tag	1429421331
214	362	done	1429423910
214	362	duration	1429426671
214	391	watch	1429616397
215	386	tag	1414554491
215	360	enter	1414555973
215	360	done	1414555980
215	391	watch	1419242689
216	362	duration	1414154254
216	363	tag	1414287833
216	363	done	1414289131
216	363	duration	1414327839
216	364	duration	1414504606
216	364	done	1414504606
216	367	done	1414952721
216	368	done	1415190388
216	368	duration	1415190389
216	391	watch	1415438559
216	369	duration	1415626793
216	369	done	1415626793
216	360	enter	1416233780
216	360	done	1416233791
216	366	duration	1417358545
216	374	duration	1417696940
216	374	done	1417696946
216	377	done	1417698496
216	377	duration	1417701189
216	375	done	1417873964
216	375	duration	1417876352
216	376	done	1417877645
216	376	duration	1417878188
216	361	done	1417932367
216	361	tag	1417932384
216	361	duration	1417932387
216	370	done	1417932994
216	370	duration	1417933258
216	386	tag	1418735148
216	383	done	1418735289
216	383	duration	1418737786
217	388	tag	1411973881
217	360	enter	1413894186
217	360	done	1413894207
217	386	tag	1419229881
217	391	watch	1419594295
218	361	done	1416669691
218	360	enter	1416670259
218	360	done	1416670282
218	363	done	1416726612
218	363	duration	1416754599
218	365	duration	1417011719
218	391	watch	1417827252
218	386	tag	1418225606
218	364	done	1418225614
218	364	duration	1418228100
219	387	tag	1411123809
219	388	tag	1411123829
219	361	duration	1414883753
219	389	watch	1415015854
219	362	tag	1415028545
219	362	duration	1415106348
219	360	enter	1415356812
219	360	done	1415356835
219	362	done	1415366284
219	366	duration	1415618377
219	366	done	1415618378
219	368	done	1417876397
219	368	duration	1417876682
219	391	watch	1418034549
219	372	done	1418037611
219	375	done	1418222525
219	383	duration	1418396848
219	383	done	1418396852
219	381	done	1418524751
219	386	tag	1418646779
219	380	duration	1418647926
219	380	done	1418647930
219	373	duration	1418647953
219	373	done	1418647956
220	391	watch	1414035506
220	360	enter	1414049807
220	360	done	1414049833
220	361	done	1416312030
220	366	done	1416408286
220	366	duration	1416408289
220	362	duration	1417348528
220	367	done	1417508710
220	367	duration	1417508919
220	371	done	1417512845
220	371	duration	1417514123
220	383	done	1417514131
220	383	duration	1417517240
220	378	done	1417606515
220	378	duration	1417609308
220	386	tag	1417705143
220	370	done	1417705154
220	370	duration	1417707755
221	360	enter	1416373314
221	360	done	1416373341
221	386	tag	1419498485
221	391	watch	1419562703
222	361	done	1414756361
222	360	enter	1416327583
222	360	done	1416327601
222	362	tag	1417198412
222	362	duration	1417198508
222	362	done	1417198543
222	363	duration	1418316387
222	363	tag	1418316398
222	363	done	1418381068
222	386	tag	1418658510
222	366	done	1418661915
222	391	watch	1419439868
223	361	done	1428665339
223	361	tag	1428668009
223	361	duration	1428668011
223	362	done	1429014450
223	362	tag	1429015706
223	362	duration	1429015708
223	386	tag	1429018678
224	360	enter	1416208289
224	360	done	1416208308
224	367	done	1416617502
224	369	duration	1416982485
224	369	done	1416982486
224	361	duration	1418456716
224	361	tag	1418456720
224	361	done	1418458893
224	362	done	1418538237
224	364	duration	1418744593
224	391	watch	1419522536
224	386	tag	1419599711
225	360	enter	1416533930
225	360	done	1416533938
225	386	tag	1417654860
225	391	watch	1420255463
226	360	enter	1416724862
226	360	done	1416724866
226	391	watch	1420506101
226	386	tag	1423116160
227	391	watch	1414395386
227	360	enter	1416722970
227	360	done	1416722974
227	386	tag	1423215844
228	360	enter	1416018921
228	360	done	1416018936
228	391	watch	1417593765
228	386	tag	1419956559
229	386	tag	1428286776
229	361	done	1428286788
229	361	duration	1428286807
230	360	enter	1415515897
230	360	done	1415515927
230	386	tag	1419169681
230	391	watch	1419240817
231	391	watch	1415956687
231	360	enter	1416020826
231	360	done	1416020832
231	386	tag	1419411719
232	391	watch	1414466063
232	360	enter	1414897392
232	360	done	1414897398
232	386	tag	1418522931
233	386	tag	1429590324
233	391	watch	1429966233
233	360	enter	1429970421
233	360	done	1429970434
234	391	watch	1415082967
234	360	enter	1415246521
234	360	done	1415246529
234	386	tag	1417518877
235	391	watch	1416645414
235	360	enter	1416646051
235	360	done	1416646068
235	386	tag	1417054859
236	386	tag	1414722233
236	360	enter	1415342922
236	360	done	1415343036
236	391	watch	1420730946
237	386	tag	1427458215
237	360	enter	1429184994
237	391	watch	1429185160
238	360	enter	1416024125
238	360	done	1416024151
238	391	watch	1420379570
238	361	done	1421149484
238	361	tag	1421151469
238	361	duration	1421151483
238	386	tag	1421455207
239	391	watch	1414735211
239	386	tag	1415333285
239	360	enter	1415846500
239	360	done	1415846507
240	391	watch	1415948728
240	361	done	1416042310
240	360	enter	1416390285
240	360	done	1416390291
240	386	tag	1419128047
241	391	watch	1415154433
241	360	enter	1415157619
241	360	done	1415157629
241	386	tag	1417398976
242	360	enter	1415669586
242	360	done	1415669598
242	386	tag	1417343074
242	391	watch	1419241172
243	391	watch	1429840965
243	360	enter	1429841440
243	360	done	1429841459
243	386	tag	1429842240
244	365	done	1426995621
244	365	duration	1426998433
244	365	tag	1426998438
244	368	done	1426998547
244	368	tag	1426998576
244	368	duration	1426998627
244	379	done	1427604316
244	379	tag	1427606962
244	379	duration	1427607004
244	367	done	1427690632
244	367	tag	1427693122
244	367	duration	1427694421
244	361	done	1428800614
244	361	tag	1428803113
244	361	duration	1428803175
244	362	done	1428803233
244	362	tag	1428803839
244	362	duration	1428803875
244	360	enter	1429274716
244	391	watch	1429274790
244	337	tag	1429416180
244	337	duration	1429416726
244	337	done	1429416737
244	386	tag	1429438351
244	339	done	1429438456
244	339	duration	1429439514
245	386	tag	1429527070
245	391	watch	1429979725
245	360	done	1429980210
245	360	enter	1429980214
246	361	tag	1429753275
246	386	tag	1429794648
246	361	done	1429794803
