265
1116	1
1117	2
1123	3
1126	4
1129	5
1140	6
1141	7
1142	8
1143	9
1144	10
1145	11
1146	12
1147	13
1149	14
1150	15
1151	16
1152	17
1153	18
1154	19
1155	20
1156	21
1157	22
1158	23
1159	24
1162	25
1163	26
1164	27
1165	28
1166	29
1167	30
1168	31
1169	32
1177	33
1118	34
1200	35
1201	36
882	37
1205	38
1182	39
1837	40
1646	41
2415	42
2523	43
652	44
2525	45
2526	46
2151	47
2662	48
2663	49
2664	50
2665	51
1170	52
2667	53
2668	54
2670	55
2672	56
2673	57
450	58
2675	59
1645	60
2705	61
2706	62
1846	63
2707	64
2708	65
2709	66
2710	67
2711	68
2712	69
2767	70
368	71
1615	72
2185	73
1860	74
1558	75
1559	76
1560	77
2169	78
2170	79
2171	80
60	81
2172	82
2173	83
2174	84
2175	85
2176	86
2177	87
2178	88
2179	89
2180	90
2181	91
2182	92
2184	93
2186	94
2187	95
2188	96
1844	97
1845	98
2189	99
2190	100
1843	101
1734	102
2191	103
2192	104
2193	105
2194	106
2196	107
2197	108
2198	109
2199	110
290	111
2201	112
961	113
566	114
2552	115
1127	116
2553	117
2195	118
1563	119
2200	120
2183	121
3265	122
133	123
140	124
143	125
157	126
161	127
167	128
168	129
169	130
170	131
171	132
172	133
173	134
166	135
196	136
3410	137
3425	138
3428	139
3419	140
3432	141
3438	142
3447	143
3455	144
3458	145
3472	146
3476	147
3477	148
3485	149
3488	150
3492	151
3545	152
3555	153
3564	154
3634	155
4024	156
9722	157
9765	158
9773	159
9808	160
9903	161
9904	162
9905	163
9906	164
9907	165
9923	166
9924	167
9926	168
9928	169
9929	170
9934	171
9872	172
9880	173
10107	174
10120	175
10150	176
10174	177
10176	178
10269	179
10119	180
10426	181
10427	182
11548	183
11552	184
9770	185
9804	186
9812	187
9766	188
9777	189
10294	190
9890	191
9894	192
9914	193
9725	194
9723	195
9726	196
10155	197
10187	198
11549	199
11553	200
11551	201
9881	202
9887	203
9900	204
9822	205
10108	206
10183	207
10184	208
9921	209
10153	210
10154	211
9827	212
10177	213
9892	214
468	215
471	216
469	217
470	218
383	219
386	220
569	221
362	222
412	223
413	224
417	225
472	226
444	227
445	228
406	229
407	230
409	231
410	232
414	233
415	234
433	235
442	236
438	237
439	238
440	239
447	240
448	241
446	242
449	243
451	244
452	245
454	246
455	247
456	248
457	249
459	250
461	251
462	252
463	253
465	254
466	255
467	256
453	257
371	258
458	259
424	260
9762	261
464	262
